0 0.12041170634920635 0.33812830687830686 0.014136904761904762 0.026785714285714284
0 0.16393849206349206 0.3191137566137566 0.016865079365079364 0.032407407407407406
0 0.40773809523809523 0.1626984126984127 0.017361111111111112 0.028439153439153438
0 0.38169642857142855 0.1724537037037037 0.024305555555555556 0.03406084656084656
0 0.373015873015873 0.24801587301587302 0.022321428571428572 0.022486772486772486
0 0.6223958333333334 0.1736111111111111 0.029017857142857144 0.0291005291005291
0 0.640625 0.21180555555555555 0.018353174603174604 0.02414021164021164
0 0.6204117063492064 0.3817791005291005 0.021081349206349208 0.018849206349206348
0 0.2286706349206349 0.490244708994709 0.021825396825396824 0.03009259259259259
0 0.5008680555555556 0.5059523809523809 0.016617063492063492 0.037698412698412696
0 0.7430555555555556 0.6284722222222222 0.0248015873015873 0.03207671957671958
0 0.5121527777777778 0.6727843915343915 0.01984126984126984 0.022817460317460316
0 0.17633928571428573 0.703207671957672 0.022321428571428572 0.0248015873015873
0 0.1806795634920635 0.8308531746031746 0.022569444444444444 0.030753968253968252
0 0.44221230158730157 0.802744708994709 0.023313492063492064 0.0248015873015873
0 0.8123759920634921 0.8485449735449735 0.019593253968253968 0.022486772486772486
0 0.7150297619047619 0.5565476190476191 0.018353174603174604 0.021164021164021163
2 0.4712301587301587 0.2605820105820106 0.015376984126984126 0.021825396825396824
2 0.45424107142857145 0.3296957671957672 0.016617063492063492 0.0205026455026455
2 0.5436507936507936 0.31613756613756616 0.013392857142857142 0.018518518518518517
2 0.5782490079365079 0.3374669312169312 0.015625 0.017526455026455025
2 0.4973958333333333 0.3644179894179894 0.012648809523809524 0.01917989417989418
2 0.45907738095238093 0.34441137566137564 0.011408730158730158 0.01951058201058201
2 0.5567956349206349 0.4176587301587302 0.010416666666666666 0.017857142857142856
2 0.6013144841269841 0.42228835978835977 0.016121031746031748 0.017857142857142856
2 0.6001984126984127 0.38525132275132273 0.011904761904761904 0.01455026455026455
2 0.6158234126984127 0.39203042328042326 0.013888888888888888 0.014219576719576719
2 0.677703373015873 0.4287367724867725 0.015625 0.020833333333333332
2 0.7001488095238095 0.4437830687830688 0.012896825396825396 0.01521164021164021
2 0.7369791666666666 0.35267857142857145 0.015128968253968254 0.018849206349206348
2 0.8998015873015873 0.38392857142857145 0.013392857142857142 0.01917989417989418
2 0.9136904761904762 0.43799603174603174 0.013392857142857142 0.018187830687830687
2 0.9420882936507936 0.4267526455026455 0.012648809523809524 0.017526455026455025
2 0.8265128968253969 0.4158399470899471 0.01314484126984127 0.016203703703703703
2 0.8402777777777778 0.38392857142857145 0.011904761904761904 0.017857142857142856
2 0.8644593253968254 0.5092592592592593 0.013640873015873016 0.01917989417989418
2 0.8461061507936508 0.5345568783068783 0.019097222222222224 0.01488095238095238
2 0.9481646825396826 0.5353835978835979 0.013888888888888888 0.017195767195767195
2 0.9337797619047619 0.5879629629629629 0.017361111111111112 0.018518518518518517
2 0.8647073412698413 0.7078373015873016 0.015625 0.021494708994708994
2 0.8216765873015873 0.7581018518518519 0.01488095238095238 0.016865079365079364
2 0.8084077380952381 0.7868716931216931 0.014136904761904762 0.016865079365079364
2 0.7945188492063492 0.8343253968253969 0.014632936507936508 0.017857142857142856
2 0.8095238095238095 0.8210978835978836 0.010912698412698412 0.010582010582010581
2 0.8059275793650794 0.8308531746031746 0.012152777777777778 0.014219576719576719
2 0.7001488095238095 0.8850859788359788 0.016865079365079364 0.023478835978835978
2 0.5709325396825397 0.8273809523809523 0.013392857142857142 0.01455026455026455
2 0.49789186507936506 0.8559854497354498 0.014136904761904762 0.018849206349206348
2 0.5047123015873016 0.8485449735449735 0.01240079365079365 0.017857142857142856
2 0.5070684523809523 0.8364748677248677 0.01314484126984127 0.013558201058201057
2 0.5264136904761905 0.8077050264550265 0.016121031746031748 0.018849206349206348
2 0.5220734126984127 0.777281746031746 0.01240079365079365 0.01951058201058201
2 0.6752232142857143 0.6863425925925926 0.020089285714285716 0.021494708994708994
2 0.5055803571428571 0.5749007936507936 0.01711309523809524 0.023478835978835978
2 0.4375 0.5193452380952381 0.015376984126984126 0.02414021164021164
2 0.49702380952380953 0.6896494708994709 0.013392857142857142 0.01951058201058201
2 0.5202132936507936 0.6545965608465608 0.01066468253968254 0.016203703703703703
2 0.3162202380952381 0.8445767195767195 0.013888888888888888 0.017857142857142856
2 0.2265625 0.8875661375661376 0.015128968253968254 0.01984126984126984
2 0.22296626984126985 0.7986111111111112 0.017857142857142856 0.02447089947089947
2 0.23958333333333334 0.7622354497354498 0.014384920634920634 0.0205026455026455
2 0.1909722222222222 0.7273478835978836 0.017857142857142856 0.022156084656084655
2 0.2123015873015873 0.6537698412698413 0.015376984126984126 0.0205026455026455
2 0.1253720238095238 0.6461640211640212 0.016121031746031748 0.018518518518518517
2 0.21887400793650794 0.6380621693121693 0.019097222222222224 0.021494708994708994
2 0.2218501984126984 0.6124338624338624 0.01314484126984127 0.021164021164021163
2 0.24107142857142858 0.615244708994709 0.013392857142857142 0.022817460317460316
2 0.29538690476190477 0.6213624338624338 0.015873015873015872 0.017857142857142856
2 0.283234126984127 0.5752314814814815 0.013888888888888888 0.018187830687830687
2 0.31708829365079366 0.5251322751322751 0.016121031746031748 0.0205026455026455
2 0.37003968253968256 0.5578703703703703 0.014384920634920634 0.016534391534391533
2 0.34660218253968256 0.4933862433862434 0.01314484126984127 0.017857142857142856
2 0.30518353174603174 0.45849867724867727 0.010168650793650794 0.016865079365079364
2 0.25111607142857145 0.4176587301587302 0.015625 0.01917989417989418
2 0.15749007936507936 0.4211309523809524 0.016865079365079364 0.020833333333333332
2 0.26078869047619047 0.3149801587301587 0.012648809523809524 0.018187830687830687
2 0.23821924603174602 0.2218915343915344 0.016617063492063492 0.021164021164021163
2 0.15042162698412698 0.25925925925925924 0.015625 0.018518518518518517
2 0.1375248015873016 0.28720238095238093 0.013640873015873016 0.017526455026455025
2 0.14248511904761904 0.27132936507936506 0.016121031746031748 0.016203703703703703
2 0.27666170634920634 0.21841931216931218 0.016121031746031748 0.017526455026455025
2 0.2717013888888889 0.19510582010582012 0.012648809523809524 0.017195767195767195
2 0.31398809523809523 0.24057539682539683 0.01488095238095238 0.02017195767195767
2 0.33742559523809523 0.19130291005291006 0.014136904761904762 0.020833333333333332
2 0.3630952380952381 0.26256613756613756 0.01488095238095238 0.01521164021164021
2 0.4131944444444444 0.25710978835978837 0.013888888888888888 0.020833333333333332
2 0.38169642857142855 0.09689153439153439 0.011408730158730158 0.021825396825396824
2 0.3923611111111111 0.08151455026455026 0.013392857142857142 0.018187830687830687
2 0.42472718253968256 0.07208994708994709 0.014632936507936508 0.025793650793650792
2 0.43117559523809523 0.13210978835978837 0.01314484126984127 0.022817460317460316
2 0.5512152777777778 0.03290343915343916 0.011160714285714286 0.017526455026455025
2 0.6290922619047619 0.056051587301587304 0.01314484126984127 0.0248015873015873
2 0.7131696428571429 0.14302248677248677 0.009176587301587302 0.016865079365079364
2 0.6241319444444444 0.15443121693121692 0.011656746031746032 0.012566137566137565
2 0.7531001984126984 0.23214285714285715 0.010168650793650794 0.016534391534391533
2 0.8189484126984127 0.1736111111111111 0.014384920634920634 0.018518518518518517
2 0.8963293650793651 0.2123015873015873 0.014384920634920634 0.023809523809523808
2 0.7759176587301587 0.320271164021164 0.01066468253968254 0.017526455026455025
2 0.7237103174603174 0.49966931216931215 0.010416666666666666 0.021164021164021163
2 0.7400793650793651 0.47453703703703703 0.00992063492063492 0.013227513227513227
2 0.3777281746031746 0.8065476190476191 0.02132936507936508 0.023148148148148147
2 0.3148561507936508 0.9300595238095238 0.011160714285714286 0.015542328042328041
2 0.2720734126984127 0.8363095238095238 0.019345238095238096 0.025793650793650792