0 0.17113095238095238 0.26669973544973546 0.023313492063492064 0.03802910052910053
0 0.33891369047619047 0.1746031746031746 0.016121031746031748 0.031746031746031744
0 0.6273561507936508 0.061342592592592594 0.019097222222222224 0.035383597883597885
0 0.839781746031746 0.21164021164021163 0.026785714285714284 0.027777777777777776
0 0.8696676587301587 0.4123677248677249 0.024057539682539684 0.03835978835978836
0 0.7833581349206349 0.38773148148148145 0.0220734126984127 0.04265873015873016
0 0.6272321428571429 0.5826719576719577 0.025793650793650792 0.031084656084656083
0 0.5163690476190477 0.5453042328042328 0.018353174603174604 0.03571428571428571
0 0.5091765873015873 0.6650132275132276 0.018849206349206348 0.031084656084656083
0 0.46887400793650796 0.8627645502645502 0.028025793650793652 0.032407407407407406
0 0.3087797619047619 0.8513558201058201 0.022321428571428572 0.034722222222222224
0 0.5901537698412699 0.8961640211640212 0.018601190476190476 0.03835978835978836
0 0.7478918650793651 0.6005291005291006 0.021577380952380952 0.0291005291005291
2 0.31808035714285715 0.458994708994709 0.021577380952380952 0.027777777777777776
2 0.2544642857142857 0.5343915343915344 0.01488095238095238 0.027116402116402115
2 0.23995535714285715 0.5365410052910053 0.012152777777777778 0.022817460317460316
2 0.2699652777777778 0.5031415343915344 0.012152777777777778 0.022817460317460316
2 0.15562996031746032 0.39632936507936506 0.021577380952380952 0.027447089947089946
2 0.13169642857142858 0.4626322751322751 0.017361111111111112 0.022486772486772486
2 0.22991071428571427 0.36259920634920634 0.010912698412698412 0.02017195767195767
2 0.23821924603174602 0.3125 0.014136904761904762 0.018518518518518517
2 0.2000248015873016 0.1164021164021164 0.015128968253968254 0.028439153439153438
2 0.3117559523809524 0.2845568783068783 0.020833333333333332 0.018849206349206348
2 0.37388392857142855 0.2251984126984127 0.016617063492063492 0.022486772486772486
2 0.38839285714285715 0.17410714285714285 0.020337301587301588 0.02414021164021164
2 0.3716517857142857 0.18336640211640212 0.015625 0.020833333333333332
2 0.4021577380952381 0.1284722222222222 0.017609126984126984 0.026124338624338623
2 0.45324900793650796 0.11921296296296297 0.014632936507936508 0.022817460317460316
2 0.4425843253968254 0.09986772486772487 0.018601190476190476 0.027116402116402115
2 0.542906746031746 0.115244708994709 0.017857142857142856 0.023478835978835978
2 0.5768849206349206 0.175760582010582 0.021825396825396824 0.028108465608465607
2 0.6987847222222222 0.164021164021164 0.01066468253968254 0.01917989417989418
2 0.7273065476190477 0.09507275132275132 0.017609126984126984 0.020833333333333332
2 0.7152777777777778 0.10466269841269842 0.015873015873015872 0.023478835978835978
2 0.638640873015873 0.04348544973544974 0.017857142857142856 0.022817460317460316
2 0.7120535714285714 0.1724537037037037 0.01636904761904762 0.030753968253968252
2 0.7398313492063492 0.16848544973544974 0.015873015873015872 0.018849206349206348
2 0.7508680555555556 0.18171296296296297 0.015625 0.02546296296296296
2 0.7482638888888888 0.22056878306878308 0.013392857142857142 0.021825396825396824
2 0.7891865079365079 0.20453042328042328 0.018849206349206348 0.0248015873015873
2 0.8062996031746031 0.4323743386243386 0.015873015873015872 0.018187830687830687
2 0.9138144841269841 0.4656084656084656 0.020089285714285716 0.027116402116402115
2 0.6026785714285714 0.36078042328042326 0.01636904761904762 0.018518518518518517
2 0.5855654761904762 0.39632936507936506 0.017857142857142856 0.020833333333333332
2 0.5737847222222222 0.447255291005291 0.011656746031746032 0.01488095238095238
2 0.5001240079365079 0.5100859788359788 0.009672619047619048 0.01488095238095238
2 0.5209573412698413 0.5218253968253969 0.014632936507936508 0.017195767195767195
2 0.42150297619047616 0.5945767195767195 0.015625 0.022486772486772486
2 0.31634424603174605 0.5882936507936508 0.012648809523809524 0.016534391534391533
2 0.16282242063492064 0.5826719576719577 0.015625 0.018518518518518517
2 0.2347470238095238 0.5988756613756614 0.014136904761904762 0.01984126984126984
2 0.2526041666666667 0.6178902116402116 0.016617063492063492 0.02414021164021164
2 0.2761656746031746 0.6536044973544973 0.014136904761904762 0.020833333333333332
2 0.26574900793650796 0.5795304232804233 0.022569444444444444 0.018849206349206348
2 0.12400793650793651 0.9348544973544973 0.018849206349206348 0.026455026455026454
2 0.21143353174603174 0.9561838624338624 0.014136904761904762 0.017526455026455025
2 0.19680059523809523 0.9662698412698413 0.019097222222222224 0.01984126984126984
2 0.2700892857142857 0.9894179894179894 0.024305555555555556 0.017857142857142856
2 0.32688492063492064 0.8364748677248677 0.01984126984126984 0.021494708994708994
2 0.29836309523809523 0.824239417989418 0.023313492063492064 0.016865079365079364
2 0.3220486111111111 0.8029100529100529 0.012648809523809524 0.017857142857142856
2 0.3634672619047619 0.7976190476190477 0.018105158730158732 0.018518518518518517
2 0.37822420634920634 0.765542328042328 0.01488095238095238 0.0205026455026455
2 0.3803323412698413 0.7875330687830688 0.01711309523809524 0.016203703703703703
2 0.4103422619047619 0.798776455026455 0.011160714285714286 0.015542328042328041
2 0.447296626984127 0.8169642857142857 0.016121031746031748 0.016203703703703703
2 0.4887152777777778 0.8098544973544973 0.011656746031746032 0.013888888888888888
2 0.4957837301587302 0.8639219576719577 0.017857142857142856 0.01951058201058201
2 0.35007440476190477 0.6954365079365079 0.018105158730158732 0.017857142857142856
2 0.3818204365079365 0.6714616402116402 0.016617063492063492 0.023478835978835978
2 0.34871031746031744 0.6782407407407407 0.012896825396825396 0.016534391534391533
2 0.4479166666666667 0.6468253968253969 0.01636904761904762 0.021825396825396824
2 0.42336309523809523 0.6319444444444444 0.01488095238095238 0.015873015873015872
2 0.4973958333333333 0.6205357142857143 0.015625 0.023478835978835978
2 0.5406746031746031 0.6213624338624338 0.015873015873015872 0.023148148148148147
2 0.48115079365079366 0.5889550264550265 0.011408730158730158 0.011904761904761904
2 0.4904513888888889 0.5580357142857143 0.013640873015873016 0.017526455026455025
2 0.49950396825396826 0.5458002645502645 0.009424603174603174 0.016203703703703703
2 0.8466021825396826 0.6344246031746031 0.015128968253968254 0.02414021164021164
2 0.8335813492063492 0.6636904761904762 0.013888888888888888 0.016534391534391533
2 0.8426339285714286 0.6954365079365079 0.013640873015873016 0.0205026455026455
2 0.8204365079365079 0.7346230158730159 0.014384920634920634 0.01951058201058201
2 0.7593005952380952 0.6734457671957672 0.01066468253968254 0.02017195767195767
2 0.9176587301587301 0.7668650793650794 0.013888888888888888 0.017857142857142856
2 0.8547867063492064 0.8204365079365079 0.015128968253968254 0.018518518518518517
2 0.6309523809523809 0.9045965608465608 0.016865079365079364 0.016203703703703703
2 0.6380208333333334 0.9634589947089947 0.014632936507936508 0.022817460317460316
2 0.7130456349206349 0.957010582010582 0.018353174603174604 0.02447089947089947
2 0.5219494047619048 0.9117063492063492 0.021577380952380952 0.0205026455026455
2 0.4255952380952381 0.9715608465608465 0.015376984126984126 0.015873015873015872
2 0.6700148809523809 0.6097883597883598 0.012152777777777778 0.01917989417989418
2 0.8456101190476191 0.9596560846560847 0.018601190476190476 0.02513227513227513