0 0.4167906746031746 0.24801587301587302 0.024553571428571428 0.023148148148148147
0 0.4921875 0.12367724867724868 0.026537698412698412 0.031084656084656083
0 0.5581597222222222 0.017526455026455025 0.028025793650793652 0.027777777777777776
0 0.5961061507936508 0.18501984126984128 0.030009920634920636 0.035383597883597885
0 0.7575644841269841 0.22685185185185186 0.015128968253968254 0.026455026455026454
0 0.8575148809523809 0.5079365079365079 0.019097222222222224 0.022486772486772486
0 0.8825644841269841 0.4728835978835979 0.01711309523809524 0.03439153439153439
0 0.8386656746031746 0.39880952380952384 0.01711309523809524 0.0291005291005291
0 0.7375992063492064 0.7690145502645502 0.018353174603174604 0.03273809523809524
0 0.6287202380952381 0.9662698412698413 0.01636904761904762 0.031084656084656083
0 0.5951140873015873 0.8010912698412699 0.022569444444444444 0.028769841269841268
0 0.6510416666666666 0.7964616402116402 0.015376984126984126 0.0333994708994709
0 0.3872767857142857 0.6018518518518519 0.02058531746031746 0.02447089947089947
0 0.3420138888888889 0.5990410052910053 0.019345238095238096 0.02017195767195767
0 0.2945188492063492 0.5444775132275133 0.023065476190476192 0.030753968253968252
0 0.38430059523809523 0.4603174603174603 0.018601190476190476 0.026455026455026454
0 0.3431299603174603 0.421792328042328 0.018105158730158732 0.0248015873015873
0 0.5978422619047619 0.4460978835978836 0.023065476190476192 0.02513227513227513
0 0.6643105158730159 0.44047619047619047 0.012648809523809524 0.025793650793650792
0 0.6917162698412699 0.503968253968254 0.02132936507936508 0.027116402116402115
0 0.6867559523809523 0.5305886243386243 0.022817460317460316 0.022156084656084655
0 0.7532242063492064 0.503968253968254 0.01488095238095238 0.031746031746031744
0 0.6560019841269841 0.36706349206349204 0.013888888888888888 0.026455026455026454
2 0.2394593253968254 0.32589285714285715 0.019593253968253968 0.026124338624338623
2 0.27827380952380953 0.2693452380952381 0.015376984126984126 0.0248015873015873
2 0.30791170634920634 0.31183862433862436 0.015625 0.023148148148148147
2 0.36049107142857145 0.35185185185185186 0.016121031746031748 0.01984126984126984
2 0.39050099206349204 0.34871031746031744 0.020089285714285716 0.0248015873015873
2 0.39657738095238093 0.3331679894179894 0.01636904761904762 0.016203703703703703
2 0.41369047619047616 0.26802248677248675 0.018353174603174604 0.017526455026455025
2 0.4574652777777778 0.3098544973544973 0.01314484126984127 0.01917989417989418
2 0.46850198412698413 0.23544973544973544 0.017361111111111112 0.022486772486772486
2 0.4279513888888889 0.2080026455026455 0.015625 0.02447089947089947
2 0.49107142857142855 0.2531415343915344 0.011904761904761904 0.020833333333333332
2 0.5380704365079365 0.199239417989418 0.015625 0.022817460317460316
2 0.4939236111111111 0.15360449735449735 0.016617063492063492 0.02017195767195767
2 0.45870535714285715 0.1605489417989418 0.014632936507936508 0.016865079365079364
2 0.43353174603174605 0.15327380952380953 0.01636904761904762 0.02017195767195767
2 0.4654017857142857 0.12566137566137567 0.015128968253968254 0.01917989417989418
2 0.49962797619047616 0.057539682539682536 0.015625 0.022486772486772486
2 0.6066468253968254 0.10714285714285714 0.014384920634920634 0.021825396825396824
2 0.6960565476190477 0.1527777777777778 0.014136904761904762 0.023809523809523808
2 0.8550347222222222 0.2490079365079365 0.015128968253968254 0.0205026455026455
2 0.8422619047619048 0.257771164021164 0.015376984126984126 0.02017195767195767
2 0.7898065476190477 0.34523809523809523 0.017609126984126984 0.023809523809523808
2 0.8561507936507936 0.3758267195767196 0.013888888888888888 0.026124338624338623
2 0.8601190476190477 0.4252645502645503 0.016865079365079364 0.021825396825396824
2 0.8045634920634921 0.4310515873015873 0.018849206349206348 0.02017195767195767
2 0.833953373015873 0.47470238095238093 0.019097222222222224 0.016203703703703703
2 0.7583085317460317 0.46577380952380953 0.015625 0.020833333333333332
2 0.6495535714285714 0.5122354497354498 0.017361111111111112 0.01917989417989418
2 0.6728670634920635 0.3654100529100529 0.015376984126984126 0.023809523809523808
2 0.6134672619047619 0.3341600529100529 0.015625 0.016203703703703703
2 0.6279761904761905 0.3665674603174603 0.011904761904761904 0.016865079365079364
2 0.6190476190476191 0.42328042328042326 0.015376984126984126 0.016534391534391533
2 0.5770089285714286 0.39285714285714285 0.01711309523809524 0.0205026455026455
2 0.5512152777777778 0.3478835978835979 0.012648809523809524 0.018518518518518517
2 0.5014880952380952 0.3556547619047619 0.016865079365079364 0.022817460317460316
2 0.49962797619047616 0.33449074074074076 0.015128968253968254 0.017526455026455025
2 0.5486111111111112 0.2566137566137566 0.017361111111111112 0.021164021164021163
2 0.5469990079365079 0.24057539682539683 0.01711309523809524 0.01951058201058201
2 0.5662202380952381 0.2693452380952381 0.01240079365079365 0.022817460317460316
2 0.5770089285714286 0.2786044973544973 0.013640873015873016 0.020833333333333332
2 0.5591517857142857 0.3705357142857143 0.012648809523809524 0.018187830687830687
2 0.5760168650793651 0.35697751322751325 0.013640873015873016 0.018849206349206348
2 0.597594246031746 0.4072420634920635 0.011160714285714286 0.014219576719576719
2 0.7507440476190477 0.4393187830687831 0.012896825396825396 0.018849206349206348
2 0.5948660714285714 0.42576058201058203 0.013640873015873016 0.017526455026455025
2 0.6015625 0.4859457671957672 0.012648809523809524 0.018849206349206348
2 0.5706845238095238 0.5140542328042328 0.018849206349206348 0.018849206349206348
2 0.5438988095238095 0.5572089947089947 0.013392857142857142 0.021164021164021163
2 0.574156746031746 0.5818452380952381 0.010912698412698412 0.02017195767195767
2 0.6029265873015873 0.5560515873015873 0.014384920634920634 0.022817460317460316
2 0.44494047619047616 0.5348875661375662 0.016865079365079364 0.026124338624338623
2 0.3333333333333333 0.5833333333333334 0.016865079365079364 0.017195767195767195
2 0.3087797619047619 0.6951058201058201 0.01488095238095238 0.021164021164021163
2 0.28869047619047616 0.6987433862433863 0.017857142857142856 0.022486772486772486
2 0.2899305555555556 0.7590939153439153 0.017857142857142856 0.018187830687830687
2 0.33804563492063494 0.6784060846560847 0.015376984126984126 0.02017195767195767
2 0.38157242063492064 0.6767526455026455 0.015128968253968254 0.02017195767195767
2 0.3940972222222222 0.6833664021164021 0.012896825396825396 0.018187830687830687
2 0.3959573412698413 0.7154431216931217 0.012648809523809524 0.016865079365079364
2 0.4339037698412698 0.7142857142857143 0.016617063492063492 0.0205026455026455
2 0.4131944444444444 0.7483465608465608 0.014384920634920634 0.01917989417989418
2 0.3664434523809524 0.7554563492063492 0.01711309523809524 0.021494708994708994
2 0.2640128968253968 0.6011904761904762 0.018105158730158732 0.026455026455026454
2 0.4046378968253968 0.8278769841269841 0.020089285714285716 0.021494708994708994
2 0.44841269841269843 0.8354828042328042 0.01488095238095238 0.022156084656084655
2 0.47098214285714285 0.9411375661375662 0.018353174603174604 0.017195767195767195
2 0.5502232142857143 0.8156415343915344 0.016121031746031748 0.022156084656084655
2 0.4837549603174603 0.7400793650793651 0.018601190476190476 0.02513227513227513
2 0.4955357142857143 0.6808862433862434 0.01488095238095238 0.0205026455026455
2 0.5438988095238095 0.6331018518518519 0.015376984126984126 0.016203703703703703
2 0.7604166666666666 0.5266203703703703 0.017857142857142856 0.018187830687830687
2 0.8108878968253969 0.5252976190476191 0.018601190476190476 0.020833333333333332
2 0.6635664682539683 0.28505291005291006 0.01711309523809524 0.01984126984126984
2 0.6870039682539683 0.3115079365079365 0.013888888888888888 0.018518518518518517
2 0.7384672619047619 0.25165343915343913 0.012152777777777778 0.015873015873015872
2 0.7421875 0.18716931216931218 0.012648809523809524 0.0205026455026455
2 0.4645337301587302 0.10300925925925926 0.012896825396825396 0.016203703703703703
2 0.44035218253968256 0.12450396825396826 0.014136904761904762 0.017526455026455025
2 0.30431547619047616 0.1506283068783069 0.015873015873015872 0.018849206349206348
2 0.337921626984127 0.12764550264550265 0.012152777777777778 0.01984126984126984
2 0.5303819444444444 0.4031084656084656 0.015128968253968254 0.021164021164021163
2 0.7337549603174603 0.5530753968253969 0.018105158730158732 0.014219576719576719
2 0.8480902777777778 0.5823412698412699 0.014136904761904762 0.01984126984126984
2 0.7300347222222222 0.87880291005291 0.017609126984126984 0.02414021164021164
2 0.6439732142857143 0.9206349206349206 0.01066468253968254 0.01984126984126984
2 0.6452132936507936 0.8447420634920635 0.021081349206349208 0.023478835978835978
2 0.5731646825396826 0.8551587301587301 0.019345238095238096 0.02513227513227513
2 0.4704861111111111 0.8754960317460317 0.016865079365079364 0.02017195767195767
2 0.44481646825396826 0.8538359788359788 0.015625 0.018518518518518517
2 0.5355902777777778 0.8759920634920635 0.013640873015873016 0.018518518518518517
2 0.5922619047619048 0.8369708994708994 0.012896825396825396 0.018518518518518517
2 0.5695684523809523 0.7891865079365079 0.01314484126984127 0.018849206349206348
2 0.509796626984127 0.9522156084656085 0.016121031746031748 0.01951058201058201
2 0.6462053571428571 0.7210648148148148 0.018105158730158732 0.0248015873015873
2 0.6687748015873016 0.6410383597883598 0.019097222222222224 0.022817460317460316
2 0.6966765873015873 0.8148148148148148 0.015376984126984126 0.017857142857142856
2 0.7433035714285714 0.7964616402116402 0.01636904761904762 0.022156084656084655
2 0.7719494047619048 0.6904761904761905 0.016617063492063492 0.021164021164021163
2 0.8017113095238095 0.6468253968253969 0.018105158730158732 0.022486772486772486
2 0.8394097222222222 0.6643518518518519 0.01711309523809524 0.021825396825396824
2 0.826140873015873 0.5828373015873016 0.022321428571428572 0.022817460317460316
2 0.8660714285714286 0.4675925925925926 0.011408730158730158 0.01521164021164021
2 0.8448660714285714 0.49933862433862436 0.011656746031746032 0.01521164021164021
2 0.9125744047619048 0.5684523809523809 0.011656746031746032 0.016534391534391533
2 0.9079861111111112 0.7126322751322751 0.013392857142857142 0.01984126984126984
2 0.8096478174603174 0.7076719576719577 0.010168650793650794 0.01984126984126984
2 0.7847222222222222 0.687334656084656 0.013392857142857142 0.016865079365079364
2 0.7822420634920635 0.8020833333333334 0.017361111111111112 0.022817460317460316
2 0.800843253968254 0.8482142857142857 0.014384920634920634 0.023148148148148147
2 0.7388392857142857 0.7369378306878307 0.01240079365079365 0.016203703703703703
2 0.7202380952380952 0.7261904761904762 0.009424603174603174 0.01455026455026455
2 0.7191220238095238 0.8404431216931217 0.01314484126984127 0.016865079365079364
2 0.6116071428571429 0.9677579365079365 0.011408730158730158 0.016865079365079364
2 0.6555059523809523 0.5851521164021164 0.00744047619047619 0.016203703703703703
2 0.6814236111111112 0.5646494708994709 0.015625 0.017526455026455025
2 0.7646329365079365 0.49851190476190477 0.012896825396825396 0.018187830687830687
2 0.8168402777777778 0.40922619047619047 0.013640873015873016 0.02017195767195767
2 0.6860119047619048 0.4581679894179894 0.010416666666666666 0.011574074074074073
2 0.6519097222222222 0.3816137566137566 0.011160714285714286 0.017195767195767195
2 0.6517857142857143 0.3176256613756614 0.011408730158730158 0.015542328042328041
2 0.7106894841269841 0.3621031746031746 0.012152777777777778 0.013888888888888888
2 0.3226686507936508 0.6309523809523809 0.013392857142857142 0.0205026455026455
2 0.42001488095238093 0.7038690476190477 0.01314484126984127 0.016865079365079364
2 0.47867063492063494 0.7630621693121693 0.017857142857142856 0.017526455026455025
2 0.521453373015873 0.6909722222222222 0.011656746031746032 0.018849206349206348
2 0.49255952380952384 0.4138558201058201 0.022321428571428572 0.023478835978835978
2 0.6360367063492064 0.11177248677248677 0.011656746031746032 0.0205026455026455
2 0.6605902777777778 0.30423280423280424 0.016617063492063492 0.018518518518518517
2 0.7353670634920635 0.5378637566137566 0.018849206349206348 0.022156084656084655
2 0.7072172619047619 0.49107142857142855 0.012648809523809524 0.013888888888888888
2 0.7589285714285714 0.5990410052910053 0.012896825396825396 0.02017195767195767
2 0.7497519841269841 0.5909391534391535 0.011408730158730158 0.011904761904761904