0 0.2757936507936508 0.4837962962962963 0.023809523809523808 0.03505291005291005
0 0.21850198412698413 0.45188492063492064 0.028273809523809524 0.028769841269841268
0 0.5337301587301587 0.5322420634920635 0.03125 0.034722222222222224
0 0.3402777777777778 0.2614087301587302 0.021825396825396824 0.03406084656084656
0 0.5466269841269841 0.1431878306878307 0.022817460317460316 0.0291005291005291
0 0.5554315476190477 0.11822089947089948 0.02058531746031746 0.03141534391534392
0 0.7571924603174603 0.15145502645502645 0.013392857142857142 0.026455026455026454
0 0.6638144841269841 0.3819444444444444 0.017609126984126984 0.027777777777777776
0 0.8875248015873016 0.5530753968253969 0.021577380952380952 0.023478835978835978
0 0.8227926587301587 0.4330357142857143 0.018601190476190476 0.02943121693121693
0 0.6119791666666666 0.8468915343915344 0.021081349206349208 0.0291005291005291
0 0.6999007936507936 0.9756944444444444 0.0248015873015873 0.026124338624338623
0 0.6546378968253969 0.9880952380952381 0.018105158730158732 0.027777777777777776
0 0.41592261904761907 0.9083994708994709 0.023313492063492064 0.037698412698412696
0 0.23363095238095238 0.78505291005291 0.021825396825396824 0.032407407407407406
0 0.33606150793650796 0.5302579365079365 0.020337301587301588 0.036044973544973546
2 0.3784722222222222 0.4264219576719577 0.019345238095238096 0.023478835978835978
2 0.47544642857142855 0.42576058201058203 0.016865079365079364 0.02414021164021164
2 0.4618055555555556 0.3037367724867725 0.020337301587301588 0.023478835978835978
2 0.5090525793650794 0.42311507936507936 0.021081349206349208 0.02943121693121693
2 0.5376984126984127 0.445271164021164 0.018353174603174604 0.022817460317460316
2 0.41964285714285715 0.5434854497354498 0.017361111111111112 0.023478835978835978
2 0.27356150793650796 0.5634920634920635 0.023313492063492064 0.027777777777777776
2 0.2741815476190476 0.626818783068783 0.02554563492063492 0.02546296296296296
2 0.3462301587301587 0.548941798941799 0.015376984126984126 0.0205026455026455
2 0.3020833333333333 0.7104828042328042 0.011904761904761904 0.01951058201058201
2 0.3384176587301587 0.7905092592592593 0.014136904761904762 0.022156084656084655
2 0.46552579365079366 0.6850198412698413 0.016865079365079364 0.022817460317460316
2 0.41356646825396826 0.6529431216931217 0.015128968253968254 0.02414021164021164
2 0.4398561507936508 0.642526455026455 0.014136904761904762 0.01917989417989418
2 0.45089285714285715 0.5464616402116402 0.017361111111111112 0.022817460317460316
2 0.5365823412698413 0.5929232804232805 0.016121031746031748 0.02447089947089947
2 0.5220734126984127 0.6326058201058201 0.015376984126984126 0.021164021164021163
2 0.5518353174603174 0.5611772486772487 0.015376984126984126 0.017195767195767195
2 0.5031001984126984 0.8781415343915344 0.01314484126984127 0.018187830687830687
2 0.5770089285714286 0.9773478835978836 0.013640873015873016 0.023478835978835978
2 0.6252480158730159 0.9623015873015873 0.014384920634920634 0.021164021164021163
2 0.6196676587301587 0.9168320105820106 0.016617063492063492 0.0248015873015873
2 0.7296626984126984 0.9280753968253969 0.019345238095238096 0.022156084656084655
2 0.777405753968254 0.8991402116402116 0.016121031746031748 0.016534391534391533
2 0.7707093253968254 0.8766534391534392 0.016121031746031748 0.017195767195767195
2 0.6851438492063492 0.902281746031746 0.014136904761904762 0.016865079365079364
2 0.8162202380952381 0.7870370370370371 0.016865079365079364 0.025793650793650792
2 0.7146577380952381 0.7271825396825397 0.016617063492063492 0.02447089947089947
2 0.6439732142857143 0.7827380952380952 0.019097222222222224 0.02513227513227513
2 0.693328373015873 0.7220568783068783 0.01314484126984127 0.022156084656084655
2 0.6622023809523809 0.6575727513227513 0.01488095238095238 0.018849206349206348
2 0.8087797619047619 0.576223544973545 0.013392857142857142 0.020833333333333332
2 0.7581845238095238 0.5532407407407407 0.013888888888888888 0.022486772486772486
2 0.7467757936507936 0.5509259259259259 0.013888888888888888 0.0205026455026455
2 0.6536458333333334 0.4826388888888889 0.015625 0.02017195767195767
2 0.668030753968254 0.4634589947089947 0.017609126984126984 0.021494708994708994
2 0.6241319444444444 0.4399801587301587 0.014632936507936508 0.018849206349206348
2 0.7416914682539683 0.4611441798941799 0.011656746031746032 0.020833333333333332
2 0.7333829365079365 0.4176587301587302 0.011408730158730158 0.017195767195767195
2 0.668030753968254 0.42311507936507936 0.014136904761904762 0.015542328042328041
2 0.6046626984126984 0.37334656084656087 0.015873015873015872 0.017857142857142856
2 0.6150793650793651 0.3492063492063492 0.013392857142857142 0.0205026455026455
2 0.6861359126984127 0.34408068783068785 0.016617063492063492 0.022156084656084655
2 0.818328373015873 0.3229166666666667 0.014136904761904762 0.016865079365079364
2 0.42311507936507936 0.23197751322751323 0.018849206349206348 0.023478835978835978
2 0.4722222222222222 0.27662037037037035 0.010912698412698412 0.013558201058201057
2 0.34350198412698413 0.179728835978836 0.01636904761904762 0.02414021164021164
2 0.37462797619047616 0.1380621693121693 0.015625 0.02414021164021164
2 0.2996031746031746 0.11392195767195767 0.015873015873015872 0.017526455026455025
2 0.3916170634920635 0.0355489417989418 0.013888888888888888 0.016203703703703703
2 0.3256448412698413 0.07820767195767196 0.014384920634920634 0.01488095238095238
2 0.4861111111111111 0.115244708994709 0.011904761904761904 0.018187830687830687
2 0.5088045634920635 0.17328042328042328 0.011656746031746032 0.0205026455026455
2 0.4816468253968254 0.22800925925925927 0.011904761904761904 0.016865079365079364
2 0.5276537698412699 0.2447089947089947 0.012648809523809524 0.015873015873015872
2 0.5659722222222222 0.16137566137566137 0.013392857142857142 0.01455026455026455
2 0.5828373015873016 0.043816137566137565 0.01636904761904762 0.02414021164021164
2 0.6509176587301587 0.18783068783068782 0.017609126984126984 0.01984126984126984
2 0.6710069444444444 0.167989417989418 0.01314484126984127 0.016534391534391533
2 0.7038690476190477 0.06762566137566138 0.015873015873015872 0.023478835978835978
2 0.7278025793650794 0.1841931216931217 0.012152777777777778 0.02513227513227513
2 0.7434275793650794 0.17427248677248677 0.012648809523809524 0.02513227513227513
2 0.7795138888888888 0.23974867724867724 0.014384920634920634 0.0205026455026455
2 0.810515873015873 0.20453042328042328 0.014384920634920634 0.026785714285714284
2 0.7886904761904762 0.18832671957671956 0.01488095238095238 0.02017195767195767
2 0.787078373015873 0.16980820105820105 0.012648809523809524 0.015542328042328041
2 0.7659970238095238 0.20023148148148148 0.011656746031746032 0.016865079365079364
2 0.6484375 0.3070436507936508 0.015128968253968254 0.020833333333333332
2 0.7338789682539683 0.33647486772486773 0.016865079365079364 0.02414021164021164
2 0.8485863095238095 0.26603835978835977 0.012648809523809524 0.020833333333333332
2 0.9119543650793651 0.40492724867724866 0.015873015873015872 0.0248015873015873
2 0.8695436507936508 0.48148148148148145 0.01488095238095238 0.01917989417989418
2 0.9033978174603174 0.5233134920634921 0.015625 0.020833333333333332
2 0.8499503968253969 0.6967592592592593 0.00992063492063492 0.013227513227513227
2 0.8325892857142857 0.5825066137566137 0.010416666666666666 0.01488095238095238
2 0.7216021825396826 0.8637566137566137 0.016121031746031748 0.021164021164021163
2 0.5828373015873016 0.7331349206349206 0.010912698412698412 0.016534391534391533
2 0.4595734126984127 0.7549603174603174 0.011904761904761904 0.017857142857142856
2 0.37648809523809523 0.8318452380952381 0.008928571428571428 0.014219576719576719
2 0.20572916666666666 0.7208994708994709 0.014136904761904762 0.02447089947089947
2 0.4877232142857143 0.34738756613756616 0.01314484126984127 0.017526455026455025
2 0.6262400793650794 0.38293650793650796 0.01240079365079365 0.01521164021164021