0 0.3611111111111111 0.30687830687830686 0.017857142857142856 0.031746031746031744
0 0.40947420634920634 0.28125 0.01984126984126984 0.030753968253968252
0 0.5240575396825397 0.199239417989418 0.02132936507936508 0.03736772486772487
0 0.636656746031746 0.35548941798941797 0.023313492063492064 0.023148148148148147
0 0.5226934523809523 0.4252645502645503 0.017609126984126984 0.027777777777777776
0 0.7686011904761905 0.4429563492063492 0.019345238095238096 0.02546296296296296
0 0.7523561507936508 0.5514219576719577 0.021081349206349208 0.0333994708994709
0 0.7477678571428571 0.6539351851851852 0.017857142857142856 0.027447089947089946
0 0.7310267857142857 0.6879960317460317 0.02058531746031746 0.02546296296296296
0 0.7173859126984127 0.6569113756613757 0.022569444444444444 0.023478835978835978
0 0.6303323412698413 0.6010251322751323 0.019593253968253968 0.03207671957671958
0 0.4523809523809524 0.7508267195767195 0.020337301587301588 0.03009259259259259
0 0.4009176587301587 0.6947751322751323 0.029017857142857144 0.031746031746031744
0 0.4383680555555556 0.5982142857142857 0.017609126984126984 0.02976190476190476
0 0.5068204365079365 0.5791997354497355 0.024057539682539684 0.0248015873015873
0 0.3661954365079365 0.5588624338624338 0.022569444444444444 0.02976190476190476
0 0.38740079365079366 0.5750661375661376 0.015873015873015872 0.03505291005291005
0 0.4775545634920635 0.5262896825396826 0.01711309523809524 0.0333994708994709
0 0.5834573412698413 0.7726521164021164 0.015128968253968254 0.02546296296296296
2 0.48053075396825395 0.48048941798941797 0.02703373015873016 0.026455026455026454
2 0.4548611111111111 0.41650132275132273 0.019345238095238096 0.028108465608465607
2 0.3763640873015873 0.39715608465608465 0.0220734126984127 0.01984126984126984
2 0.34486607142857145 0.37962962962962965 0.016121031746031748 0.022486772486772486
2 0.37810019841269843 0.3480489417989418 0.0220734126984127 0.02414021164021164
2 0.4201388888888889 0.3219246031746032 0.013888888888888888 0.026124338624338623
2 0.46899801587301587 0.298776455026455 0.015873015873015872 0.018849206349206348
2 0.4868551587301587 0.28422619047619047 0.01636904761904762 0.02414021164021164
2 0.4837549603174603 0.2518187830687831 0.014136904761904762 0.022817460317460316
2 0.5221974206349206 0.2620701058201058 0.016617063492063492 0.02414021164021164
2 0.5389384920634921 0.2447089947089947 0.01488095238095238 0.0205026455026455
2 0.49181547619047616 0.17394179894179895 0.018353174603174604 0.022486772486772486
2 0.5695684523809523 0.2243716931216931 0.013640873015873016 0.022156084656084655
2 0.5873015873015873 0.24289021164021163 0.012896825396825396 0.02017195767195767
2 0.6654265873015873 0.23363095238095238 0.01488095238095238 0.02546296296296296
2 0.6478174603174603 0.30522486772486773 0.014384920634920634 0.017195767195767195
2 0.5295138888888888 0.28290343915343913 0.01636904761904762 0.02017195767195767
2 0.537078373015873 0.38095238095238093 0.014136904761904762 0.017857142857142856
2 0.5561755952380952 0.40343915343915343 0.015625 0.023148148148148147
2 0.5931299603174603 0.4252645502645503 0.011656746031746032 0.01521164021164021
2 0.6096230158730159 0.4310515873015873 0.011904761904761904 0.018849206349206348
2 0.6409970238095238 0.4363425925925926 0.016121031746031748 0.020833333333333332
2 0.621155753968254 0.46395502645502645 0.016121031746031748 0.021164021164021163
2 0.605530753968254 0.4632936507936508 0.014632936507936508 0.01984126984126984
2 0.6143353174603174 0.4905753968253968 0.014384920634920634 0.017526455026455025
2 0.6437251984126984 0.4740410052910053 0.013640873015873016 0.02017195767195767
2 0.6576140873015873 0.46742724867724866 0.01314484126984127 0.018187830687830687
2 0.6803075396825397 0.47883597883597884 0.019345238095238096 0.017857142857142856
2 0.7027529761904762 0.4753637566137566 0.013640873015873016 0.022817460317460316
2 0.6979166666666666 0.5163690476190477 0.01240079365079365 0.014219576719576719
2 0.7234623015873016 0.5229828042328042 0.014384920634920634 0.02414021164021164
2 0.6969246031746031 0.5525793650793651 0.015873015873015872 0.016534391534391533
2 0.6657986111111112 0.5699404761904762 0.01314484126984127 0.02017195767195767
2 0.6375248015873016 0.5694444444444444 0.015128968253968254 0.022486772486772486
2 0.6966765873015873 0.5773809523809523 0.013888888888888888 0.0205026455026455
2 0.6697668650793651 0.6529431216931217 0.014136904761904762 0.016865079365079364
2 0.6920882936507936 0.6911375661375662 0.01314484126984127 0.021825396825396824
2 0.6872519841269841 0.7177579365079365 0.015376984126984126 0.021494708994708994
2 0.6657986111111112 0.6947751322751323 0.014632936507936508 0.01984126984126984
2 0.5627480158730159 0.6759259259259259 0.012896825396825396 0.018518518518518517
2 0.5736607142857143 0.621031746031746 0.01240079365079365 0.021825396825396824
2 0.5323660714285714 0.6183862433862434 0.012648809523809524 0.017857142857142856
2 0.4957837301587302 0.5925925925925926 0.010912698412698412 0.017857142857142856
2 0.519593253968254 0.5446428571428571 0.014384920634920634 0.0205026455026455
2 0.5411706349206349 0.5042989417989417 0.00992063492063492 0.016534391534391533
2 0.5534474206349206 0.5160383597883598 0.01066468253968254 0.01951058201058201
2 0.5772569444444444 0.5132275132275133 0.011656746031746032 0.018518518518518517
2 0.5792410714285714 0.47966269841269843 0.014136904761904762 0.017526455026455025
2 0.7368551587301587 0.41550925925925924 0.015873015873015872 0.016865079365079364
2 0.7828621031746031 0.5603505291005291 0.015128968253968254 0.021494708994708994
2 0.6897321428571429 0.669808201058201 0.015376984126984126 0.02414021164021164
2 0.5562996031746031 0.7546296296296297 0.013888888888888888 0.021164021164021163
2 0.49107142857142855 0.751984126984127 0.020337301587301588 0.027116402116402115
2 0.38070436507936506 0.6258267195767195 0.015376984126984126 0.021494708994708994
2 0.41418650793650796 0.6025132275132276 0.013888888888888888 0.021164021164021163
2 0.4029017857142857 0.5734126984126984 0.016121031746031748 0.023148148148148147
2 0.45362103174603174 0.5854828042328042 0.01240079365079365 0.01951058201058201
2 0.43191964285714285 0.6137566137566137 0.014136904761904762 0.01455026455026455
2 0.8257688492063492 0.3771494708994709 0.015128968253968254 0.021494708994708994
2 0.5482390873015873 0.8060515873015873 0.015128968253968254 0.02017195767195767