0 0.40141369047619047 0.21610449735449735 0.025049603174603176 0.022817460317460316
0 0.29017857142857145 0.23875661375661375 0.017361111111111112 0.027116402116402115
0 0.2123015873015873 0.3662367724867725 0.022817460317460316 0.02546296296296296
0 0.45262896825396826 0.3548280423280423 0.023809523809523808 0.023809523809523808
0 0.7669890873015873 0.24603174603174602 0.020089285714285716 0.037037037037037035
0 0.7470238095238095 0.18072089947089948 0.017361111111111112 0.028769841269841268
0 0.7451636904761905 0.3794642857142857 0.01711309523809524 0.03009259259259259
0 0.8334573412698413 0.43022486772486773 0.028025793650793652 0.026455026455026454
0 0.761656746031746 0.46147486772486773 0.01984126984126984 0.030753968253968252
0 0.7504960317460317 0.5105820105820106 0.013392857142857142 0.027116402116402115
0 0.8278769841269841 0.6154100529100529 0.024305555555555556 0.017857142857142856
0 0.6954365079365079 0.7379298941798942 0.026785714285714284 0.022156084656084655
0 0.6205357142857143 0.6984126984126984 0.022321428571428572 0.03042328042328042
0 0.5740327380952381 0.6820436507936508 0.023065476190476192 0.028108465608465607
0 0.4072420634920635 0.6124338624338624 0.023313492063492064 0.028439153439153438
0 0.5519593253968254 0.5896164021164021 0.021081349206349208 0.021825396825396824
0 0.4350198412698413 0.8869047619047619 0.025297619047619048 0.028439153439153438
0 0.24206349206349206 0.7964616402116402 0.02628968253968254 0.02414021164021164
0 0.30282738095238093 0.7478505291005291 0.01488095238095238 0.028108465608465607
0 0.37648809523809523 0.7632275132275133 0.01984126984126984 0.027116402116402115
0 0.6256200396825397 0.8994708994708994 0.017609126984126984 0.022486772486772486
0 0.6045386904761905 0.8923611111111112 0.015128968253968254 0.01951058201058201
0 0.45461309523809523 0.1908068783068783 0.021825396825396824 0.018518518518518517
1 0.6195436507936508 0.2984457671957672 0.023313492063492064 0.034722222222222224
2 0.390625 0.3890542328042328 0.018849206349206348 0.027447089947089946
2 0.40327380952380953 0.30671296296296297 0.01984126984126984 0.021494708994708994
2 0.30431547619047616 0.3792989417989418 0.017857142857142856 0.023148148148148147
2 0.34771825396825395 0.26521164021164023 0.018353174603174604 0.022486772486772486
2 0.3763640873015873 0.23544973544973544 0.019593253968253968 0.022486772486772486
2 0.4662698412698413 0.2786044973544973 0.01636904761904762 0.02414021164021164
2 0.4817708333333333 0.24537037037037038 0.020089285714285716 0.023148148148148147
2 0.435515873015873 0.3505291005291005 0.01488095238095238 0.017195767195767195
2 0.45535714285714285 0.2046957671957672 0.013888888888888888 0.021825396825396824
2 0.38665674603174605 0.12400793650793651 0.016865079365079364 0.021164021164021163
2 0.5035962301587301 0.13839285714285715 0.010168650793650794 0.022817460317460316
2 0.6170634920634921 0.1173941798941799 0.016865079365079364 0.032407407407407406
2 0.5891617063492064 0.19378306878306878 0.015128968253968254 0.027116402116402115
2 0.6090029761904762 0.22156084656084657 0.012648809523809524 0.028439153439153438
2 0.6432291666666666 0.1818783068783069 0.01314484126984127 0.0205026455026455
2 0.6536458333333334 0.1927910052910053 0.01314484126984127 0.01917989417989418
2 0.6259920634920635 0.2630621693121693 0.014384920634920634 0.022156084656084655
2 0.6904761904761905 0.21858465608465608 0.015873015873015872 0.021825396825396824
2 0.7349950396825397 0.2088293650793651 0.01711309523809524 0.0248015873015873
2 0.730530753968254 0.24189814814814814 0.015625 0.02414021164021164
2 0.6361607142857143 0.34738756613756616 0.011904761904761904 0.016865079365079364
2 0.6690228174603174 0.29662698412698413 0.017609126984126984 0.017857142857142856
2 0.7922867063492064 0.2683531746031746 0.01314484126984127 0.018849206349206348
2 0.8227926587301587 0.28587962962962965 0.011160714285714286 0.017526455026455025
2 0.8422619047619048 0.30671296296296297 0.015873015873015872 0.02017195767195767
2 0.8286210317460317 0.3318452380952381 0.019345238095238096 0.022156084656084655
2 0.7808779761904762 0.3802910052910053 0.016617063492063492 0.025793650793650792
2 0.7337549603174603 0.39203042328042326 0.01314484126984127 0.018849206349206348
2 0.6639384920634921 0.365244708994709 0.012896825396825396 0.016865079365079364
2 0.5973462301587301 0.38210978835978837 0.017609126984126984 0.02017195767195767
2 0.5324900793650794 0.3543320105820106 0.017361111111111112 0.0248015873015873
2 0.8077876984126984 0.4184854497354497 0.01488095238095238 0.02546296296296296
2 0.8380456349206349 0.4861111111111111 0.012896825396825396 0.01917989417989418
2 0.8441220238095238 0.5072751322751323 0.012648809523809524 0.022486772486772486
2 0.7586805555555556 0.5241402116402116 0.013888888888888888 0.0205026455026455
2 0.8353174603174603 0.6016865079365079 0.016865079365079364 0.016203703703703703
2 0.7806299603174603 0.5639880952380952 0.014632936507936508 0.016203703703703703
2 0.7663690476190477 0.625165343915344 0.014384920634920634 0.015542328042328041
2 0.7497519841269841 0.5871362433862434 0.010416666666666666 0.018187830687830687
2 0.7271825396825397 0.5732473544973545 0.016865079365079364 0.015542328042328041
2 0.6889880952380952 0.6534391534391535 0.017361111111111112 0.01984126984126984
2 0.644469246031746 0.6552579365079365 0.01066468253968254 0.014219576719576719
2 0.6382688492063492 0.5998677248677249 0.017609126984126984 0.023809523809523808
2 0.7986111111111112 0.716765873015873 0.011904761904761904 0.01488095238095238
2 0.8045634920634921 0.7084986772486772 0.00992063492063492 0.012235449735449735
2 0.7506200396825397 0.7174272486772487 0.016617063492063492 0.018187830687830687
2 0.7258184523809523 0.7213955026455027 0.018601190476190476 0.023478835978835978
2 0.6597222222222222 0.7306547619047619 0.01636904761904762 0.02017195767195767
2 0.5811011904761905 0.716765873015873 0.018849206349206348 0.022817460317460316
2 0.5704365079365079 0.7729828042328042 0.015376984126984126 0.01951058201058201
2 0.5286458333333334 0.6693121693121693 0.01314484126984127 0.01984126984126984
2 0.5767609126984127 0.6643518518518519 0.013640873015873016 0.017857142857142856
2 0.5297619047619048 0.6106150793650794 0.012896825396825396 0.015542328042328041
2 0.5698164682539683 0.5806878306878307 0.012152777777777778 0.0205026455026455
2 0.6016865079365079 0.5231481481481481 0.01240079365079365 0.01455026455026455
2 0.6103670634920635 0.4728835978835979 0.014384920634920634 0.015873015873015872
2 0.6116071428571429 0.48578042328042326 0.013888888888888888 0.015873015873015872
2 0.5918898809523809 0.421957671957672 0.016121031746031748 0.022486772486772486
2 0.49962797619047616 0.47883597883597884 0.019097222222222224 0.0205026455026455
2 0.45275297619047616 0.48974867724867727 0.01314484126984127 0.023148148148148147
2 0.4046378968253968 0.5324074074074074 0.015625 0.0205026455026455
2 0.4867311507936508 0.5925925925925926 0.014632936507936508 0.016534391534391533
2 0.4623015873015873 0.5894510582010583 0.014384920634920634 0.018849206349206348
2 0.5385664682539683 0.45717592592592593 0.014632936507936508 0.016203703703703703
2 0.3949652777777778 0.4485780423280423 0.012152777777777778 0.013558201058201057
2 0.5902777777777778 0.5573743386243386 0.01240079365079365 0.014219576719576719
2 0.4972718253968254 0.5119047619047619 0.01488095238095238 0.0205026455026455
2 0.4809027777777778 0.7551256613756614 0.014384920634920634 0.02017195767195767
2 0.49169146825396826 0.7915013227513228 0.01314484126984127 0.01951058201058201
2 0.43725198412698413 0.7228835978835979 0.016865079365079364 0.021825396825396824
2 0.4402281746031746 0.7063492063492064 0.017857142857142856 0.015873015873015872
2 0.4720982142857143 0.7094907407407407 0.014632936507936508 0.017526455026455025
2 0.37016369047619047 0.6818783068783069 0.018601190476190476 0.01984126984126984
2 0.32663690476190477 0.6625330687830688 0.015873015873015872 0.012896825396825396
2 0.34970238095238093 0.734292328042328 0.016865079365079364 0.018187830687830687
2 0.2978670634920635 0.7174272486772487 0.015873015873015872 0.016865079365079364
2 0.32800099206349204 0.7776124338624338 0.01711309523809524 0.02017195767195767
2 0.3583829365079365 0.7903439153439153 0.01636904761904762 0.01984126984126984
2 0.40637400793650796 0.7962962962962963 0.014136904761904762 0.023148148148148147
2 0.3974454365079365 0.8602843915343915 0.011656746031746032 0.022156084656084655
2 0.38603670634920634 0.8604497354497355 0.012152777777777778 0.023148148148148147
2 0.38169642857142855 0.8192791005291006 0.011904761904761904 0.017526455026455025
2 0.33990575396825395 0.8566468253968254 0.011656746031746032 0.018187830687830687
2 0.4205109126984127 0.9037698412698413 0.015128968253968254 0.021164021164021163
2 0.33606150793650796 0.9090608465608465 0.01240079365079365 0.01917989417989418
2 0.291046626984127 0.8263888888888888 0.016617063492063492 0.016534391534391533
2 0.2728174603174603 0.8566468253968254 0.01488095238095238 0.022817460317460316
2 0.2974950396825397 0.7683531746031746 0.013640873015873016 0.018187830687830687
2 0.31572420634920634 0.7372685185185185 0.014384920634920634 0.01488095238095238
2 0.3298611111111111 0.7170965608465608 0.015376984126984126 0.017526455026455025
2 0.33779761904761907 0.7271825396825397 0.011904761904761904 0.015873015873015872
2 0.29216269841269843 0.7569444444444444 0.013888888888888888 0.012566137566137565
2 0.23288690476190477 0.7771164021164021 0.01488095238095238 0.01984126984126984
2 0.14223710317460317 0.7113095238095238 0.016121031746031748 0.017195767195767195
2 0.20758928571428573 0.6443452380952381 0.013888888888888888 0.01951058201058201
2 0.21577380952380953 0.6593915343915344 0.01488095238095238 0.018518518518518517
2 0.15922619047619047 0.6952711640211641 0.012896825396825396 0.01488095238095238
2 0.18700396825396826 0.7366071428571429 0.011904761904761904 0.022156084656084655
2 0.15848214285714285 0.6185515873015873 0.012896825396825396 0.018849206349206348
2 0.21254960317460317 0.583994708994709 0.01488095238095238 0.017195767195767195
2 0.2478918650793651 0.5737433862433863 0.014632936507936508 0.01917989417989418
2 0.24875992063492064 0.5357142857142857 0.017857142857142856 0.017857142857142856
2 0.26599702380952384 0.6175595238095238 0.013640873015873016 0.018849206349206348
2 0.30257936507936506 0.49520502645502645 0.015873015873015872 0.01951058201058201
2 0.33630952380952384 0.597718253968254 0.018353174603174604 0.022156084656084655
2 0.30865575396825395 0.482473544973545 0.015625 0.01917989417989418
2 0.25496031746031744 0.4074074074074074 0.014384920634920634 0.01917989417989418
2 0.2775297619047619 0.390542328042328 0.01636904761904762 0.01984126984126984
2 0.17274305555555555 0.41617063492063494 0.019593253968253968 0.027447089947089946
2 0.18204365079365079 0.3247354497354497 0.01636904761904762 0.021825396825396824
2 0.23549107142857142 0.35796957671957674 0.019593253968253968 0.021494708994708994
2 0.279265873015873 0.3500330687830688 0.01240079365079365 0.0248015873015873
2 0.2693452380952381 0.13177910052910052 0.015376984126984126 0.018849206349206348
2 0.35627480158730157 0.07688492063492064 0.015128968253968254 0.023478835978835978
2 0.7092013888888888 0.13921957671957672 0.015625 0.025793650793650792
2 0.8881448412698413 0.5775462962962963 0.011408730158730158 0.01488095238095238
2 0.6473214285714286 0.7551256613756614 0.01636904761904762 0.020833333333333332
2 0.6715029761904762 0.8526785714285714 0.016121031746031748 0.023478835978835978
2 0.6815476190476191 0.8968253968253969 0.02132936507936508 0.021825396825396824
2 0.7090773809523809 0.8953373015873016 0.017361111111111112 0.022817460317460316
2 0.6395089285714286 0.8736772486772487 0.014632936507936508 0.021825396825396824
2 0.5553075396825397 0.8401124338624338 0.015873015873015872 0.016203703703703703
2 0.5756448412698413 0.8495370370370371 0.015376984126984126 0.01917989417989418
2 0.5572916666666666 0.8533399470899471 0.016865079365079364 0.018187830687830687
2 0.5285218253968254 0.8616071428571429 0.014384920634920634 0.02017195767195767
2 0.5436507936507936 0.8693783068783069 0.014384920634920634 0.022486772486772486
2 0.6037946428571429 0.9087301587301587 0.014136904761904762 0.023148148148148147
2 0.6303323412698413 0.9586640211640212 0.011656746031746032 0.017195767195767195
2 0.5460069444444444 0.9482473544973545 0.013640873015873016 0.016203703703703703
2 0.5326140873015873 0.9624669312169312 0.011656746031746032 0.014219576719576719
2 0.5 0.8948412698412699 0.00992063492063492 0.016534391534391533
2 0.6261160714285714 0.874834656084656 0.01066468253968254 0.012235449735449735
2 0.5846974206349206 0.8763227513227513 0.007688492063492063 0.012566137566137565
2 0.3681795634920635 0.7108134920634921 0.01314484126984127 0.018849206349206348
2 0.2767857142857143 0.6025132275132276 0.011904761904761904 0.01455026455026455
2 0.2770337301587302 0.6137566137566137 0.014384920634920634 0.011904761904761904
2 0.25186011904761907 0.550760582010582 0.012152777777777778 0.017526455026455025
2 0.6966765873015873 0.4591600529100529 0.015873015873015872 0.020833333333333332
2 0.7831101190476191 0.41451719576719576 0.011160714285714286 0.016203703703703703
2 0.8216765873015873 0.5720899470899471 0.010912698412698412 0.017195767195767195
2 0.6009424603174603 0.6779100529100529 0.016865079365079364 0.01984126984126984
2 0.6483134920634921 0.6159060846560847 0.010912698412698412 0.018187830687830687
2 0.6200396825396826 0.490244708994709 0.010416666666666666 0.01488095238095238