0 0.4677579365079365 0.3968253968253968 0.022321428571428572 0.028439153439153438
0 0.26773313492063494 0.5381944444444444 0.024057539682539684 0.036044973544973546
0 0.353546626984127 0.5702711640211641 0.016617063492063492 0.028769841269841268
0 0.37289186507936506 0.5610119047619048 0.018105158730158732 0.02414021164021164
0 0.43191964285714285 0.5368716931216931 0.018601190476190476 0.03009259259259259
0 0.4367559523809524 0.47007275132275134 0.019345238095238096 0.02943121693121693
0 0.39112103174603174 0.4537037037037037 0.017361111111111112 0.027777777777777776
0 0.5518353174603174 0.47337962962962965 0.02132936507936508 0.026785714285714284
0 0.6741071428571429 0.367228835978836 0.022321428571428572 0.028769841269841268
0 0.5533234126984127 0.32919973544973546 0.023313492063492064 0.03273809523809524
0 0.7568204365079365 0.6640211640211641 0.022569444444444444 0.026455026455026454
0 0.5275297619047619 0.8589616402116402 0.028769841269841268 0.02414021164021164
0 0.4260912698412698 0.7982804232804233 0.01984126984126984 0.023809523809523808
0 0.5858134920634921 0.6097883597883598 0.01984126984126984 0.0291005291005291
0 0.5399305555555556 0.6021825396825397 0.021825396825396824 0.028439153439153438
0 0.5967261904761905 0.5100859788359788 0.015873015873015872 0.03009259259259259
0 0.48735119047619047 0.5603505291005291 0.01984126984126984 0.022156084656084655
0 0.490203373015873 0.5386904761904762 0.017609126984126984 0.026455026455026454
0 0.24975198412698413 0.671957671957672 0.026785714285714284 0.01917989417989418
0 0.5845734126984127 0.1648478835978836 0.018849206349206348 0.027447089947089946
1 0.6044146825396826 0.41435185185185186 0.021825396825396824 0.031746031746031744
1 0.8211805555555556 0.5967261904761905 0.016865079365079364 0.03009259259259259
1 0.6618303571428571 0.8050595238095238 0.026537698412698412 0.03141534391534392
2 0.48722718253968256 0.267526455026455 0.014632936507936508 0.022486772486772486
2 0.4859871031746032 0.30869708994708994 0.011656746031746032 0.017526455026455025
2 0.46850198412698413 0.3080357142857143 0.013888888888888888 0.022156084656084655
2 0.4522569444444444 0.3368055555555556 0.016121031746031748 0.022817460317460316
2 0.4000496031746032 0.31994047619047616 0.01240079365079365 0.018849206349206348
2 0.40141369047619047 0.25992063492063494 0.012152777777777778 0.01917989417989418
2 0.4573412698412698 0.0992063492063492 0.013888888888888888 0.0205026455026455
2 0.5260416666666666 0.125 0.013392857142857142 0.017195767195767195
2 0.6056547619047619 0.17377645502645503 0.014384920634920634 0.017526455026455025
2 0.5834573412698413 0.1474867724867725 0.015625 0.01455026455026455
2 0.619171626984127 0.2046957671957672 0.016121031746031748 0.016534391534391533
2 0.6540178571428571 0.1744378306878307 0.017857142857142856 0.01951058201058201
2 0.6775793650793651 0.19907407407407407 0.016865079365079364 0.013888888888888888
2 0.6671626984126984 0.20982142857142858 0.015873015873015872 0.015542328042328041
2 0.6481894841269841 0.24206349206349206 0.016617063492063492 0.018518518518518517
2 0.5708085317460317 0.31960978835978837 0.015128968253968254 0.021494708994708994
2 0.6555059523809523 0.37549603174603174 0.013392857142857142 0.022156084656084655
2 0.5240575396825397 0.4184854497354497 0.017361111111111112 0.020833333333333332
2 0.5135168650793651 0.4442791005291005 0.01314484126984127 0.020833333333333332
2 0.5147569444444444 0.46709656084656087 0.01711309523809524 0.023478835978835978
2 0.5804811507936508 0.48759920634920634 0.015625 0.022817460317460316
2 0.6034226190476191 0.47371031746031744 0.01488095238095238 0.022156084656084655
2 0.5830853174603174 0.42658730158730157 0.011904761904761904 0.018518518518518517
2 0.6402529761904762 0.4601521164021164 0.013640873015873016 0.018849206349206348
2 0.5592757936507936 0.5618386243386243 0.018849206349206348 0.01917989417989418
2 0.6588541666666666 0.566468253968254 0.016121031746031748 0.023809523809523808
2 0.6341765873015873 0.6416997354497355 0.015873015873015872 0.020833333333333332
2 0.7099454365079365 0.6534391534391535 0.014632936507936508 0.01984126984126984
2 0.5747767857142857 0.6593915343915344 0.012648809523809524 0.016534391534391533
2 0.5158730158730159 0.6377314814814815 0.012896825396825396 0.021494708994708994
2 0.4986359126984127 0.6048280423280423 0.012152777777777778 0.015873015873015872
2 0.4742063492063492 0.6658399470899471 0.014384920634920634 0.018849206349206348
2 0.49206349206349204 0.6779100529100529 0.016865079365079364 0.01984126984126984
2 0.5151289682539683 0.6669973544973545 0.016865079365079364 0.017857142857142856
2 0.41877480158730157 0.636739417989418 0.01314484126984127 0.018849206349206348
2 0.38318452380952384 0.6175595238095238 0.015873015873015872 0.02017195767195767
2 0.40128968253968256 0.4915674603174603 0.017361111111111112 0.018849206349206348
2 0.3317212301587302 0.48230820105820105 0.018601190476190476 0.023478835978835978
2 0.31225198412698413 0.4168320105820106 0.015873015873015872 0.02414021164021164
2 0.275421626984127 0.5057870370370371 0.015625 0.02017195767195767
2 0.24094742063492064 0.47800925925925924 0.018105158730158732 0.022817460317460316
2 0.25471230158730157 0.43683862433862436 0.01488095238095238 0.018518518518518517
2 0.1892361111111111 0.4642857142857143 0.016865079365079364 0.02447089947089947
2 0.18799603174603174 0.4156746031746032 0.013888888888888888 0.021164021164021163
2 0.1765873015873016 0.5127314814814815 0.01488095238095238 0.01951058201058201
2 0.2230902777777778 0.5773809523809523 0.015128968253968254 0.01917989417989418
2 0.22036210317460317 0.6149140211640212 0.015625 0.016203703703703703
2 0.2322668650793651 0.623181216931217 0.012152777777777778 0.018187830687830687
2 0.2880704365079365 0.6119378306878307 0.01314484126984127 0.017526455026455025
2 0.30766369047619047 0.667989417989418 0.015625 0.01984126984126984
2 0.2697172619047619 0.6641865079365079 0.014136904761904762 0.02414021164021164
2 0.23077876984126985 0.6734457671957672 0.012152777777777778 0.017526455026455025
2 0.2571924603174603 0.6960978835978836 0.015376984126984126 0.021164021164021163
2 0.2899305555555556 0.7078373015873016 0.014384920634920634 0.017526455026455025
2 0.24925595238095238 0.6593915343915344 0.011408730158730158 0.011904761904761904
2 0.2562003968253968 0.7157738095238095 0.01636904761904762 0.02017195767195767
2 0.25210813492063494 0.7443783068783069 0.015625 0.022486772486772486
2 0.3298611111111111 0.7787698412698413 0.016865079365079364 0.01984126984126984
2 0.37648809523809523 0.8100198412698413 0.01636904761904762 0.022156084656084655
2 0.3864087301587302 0.7924933862433863 0.013888888888888888 0.017526455026455025
2 0.41381448412698413 0.7625661375661376 0.019097222222222224 0.021825396825396824
2 0.41716269841269843 0.7275132275132276 0.015873015873015872 0.021164021164021163
2 0.4020337301587302 0.7334656084656085 0.017857142857142856 0.023809523809523808
2 0.4210069444444444 0.8543320105820106 0.015128968253968254 0.01951058201058201
2 0.503844246031746 0.9118716931216931 0.015128968253968254 0.022817460317460316
2 0.5316220238095238 0.8761574074074074 0.014632936507936508 0.021494708994708994
2 0.5512152777777778 0.9341931216931217 0.012648809523809524 0.0205026455026455
2 0.5400545634920635 0.94130291005291 0.012152777777777778 0.018187830687830687
2 0.5716765873015873 0.9032738095238095 0.012896825396825396 0.020833333333333332
2 0.5745287698412699 0.8774801587301587 0.012152777777777778 0.017526455026455025
2 0.5260416666666666 0.7984457671957672 0.014384920634920634 0.01951058201058201
2 0.46416170634920634 0.7746362433862434 0.011656746031746032 0.015542328042328041
2 0.5238095238095238 0.7607473544973545 0.012896825396825396 0.018187830687830687
2 0.4738343253968254 0.734292328042328 0.015625 0.02017195767195767
2 0.5682043650793651 0.7475198412698413 0.013888888888888888 0.016865079365079364
2 0.5725446428571429 0.7615740740740741 0.011656746031746032 0.01521164021164021
2 0.5848214285714286 0.7964616402116402 0.01240079365079365 0.016865079365079364
2 0.6091269841269841 0.7361111111111112 0.016865079365079364 0.021164021164021163
2 0.6390128968253969 0.7686838624338624 0.011656746031746032 0.016203703703703703
2 0.6520337301587301 0.7837301587301587 0.008432539682539682 0.01521164021164021
2 0.7017609126984127 0.8336640211640212 0.014136904761904762 0.022486772486772486
2 0.7342509920634921 0.781415343915344 0.016617063492063492 0.022486772486772486
2 0.3568948412698413 0.6754298941798942 0.01240079365079365 0.01951058201058201
2 0.3178323412698413 0.623181216931217 0.010168650793650794 0.013558201058201057
2 0.3029513888888889 0.5524140211640212 0.012152777777777778 0.0248015873015873
2 0.23015873015873015 0.341765873015873 0.01488095238095238 0.0248015873015873
2 0.24640376984126985 0.31183862433862436 0.014632936507936508 0.018518518518518517
2 0.30357142857142855 0.31994047619047616 0.012896825396825396 0.023478835978835978
2 0.34945436507936506 0.2961309523809524 0.015873015873015872 0.018187830687830687
2 0.3580109126984127 0.24751984126984128 0.013640873015873016 0.01951058201058201
2 0.38950892857142855 0.3439153439153439 0.01314484126984127 0.013888888888888888
2 0.4444444444444444 0.23214285714285715 0.013888888888888888 0.012566137566137565
2 0.4446924603174603 0.24239417989417988 0.011904761904761904 0.013227513227513227
2 0.5592757936507936 0.21114417989417988 0.01240079365079365 0.020833333333333332
2 0.5367063492063492 0.20188492063492064 0.007936507936507936 0.012896825396825396
2 0.5876736111111112 0.34242724867724866 0.01066468253968254 0.016865079365079364
2 0.6970486111111112 0.2569444444444444 0.011656746031746032 0.01521164021164021
2 0.6140873015873016 0.3999669312169312 0.01488095238095238 0.018187830687830687
2 0.7869543650793651 0.4384920634920635 0.018849206349206348 0.0205026455026455
2 0.8167162698412699 0.458994708994709 0.013888888888888888 0.022486772486772486
2 0.7625248015873016 0.5021494708994709 0.014136904761904762 0.014219576719576719
2 0.7472718253968254 0.4885912698412698 0.014384920634920634 0.013558201058201057
2 0.6272321428571429 0.49074074074074076 0.00992063492063492 0.01455026455026455
2 0.3976934523809524 0.8313492063492064 0.012152777777777778 0.016534391534391533
2 0.4076140873015873 0.6311177248677249 0.011656746031746032 0.01951058201058201
2 0.3767361111111111 0.43584656084656087 0.01636904761904762 0.017195767195767195
2 0.3912450396825397 0.3556547619047619 0.012152777777777778 0.017526455026455025