0 0.28149801587301587 0.41451719576719576 0.022321428571428572 0.0333994708994709
0 0.37512400793650796 0.4801587301587302 0.023065476190476192 0.02976190476190476
0 0.4212549603174603 0.5358796296296297 0.024057539682539684 0.0248015873015873
0 0.44221230158730157 0.5438161375661376 0.018849206349206348 0.018849206349206348
0 0.4720982142857143 0.4409722222222222 0.023065476190476192 0.03207671957671958
0 0.4304315476190476 0.41517857142857145 0.028025793650793652 0.022156084656084655
0 0.5865575396825397 0.3655753968253968 0.018353174603174604 0.03273809523809524
0 0.6476934523809523 0.2736441798941799 0.021577380952380952 0.03141534391534392
0 0.5669642857142857 0.22784391534391535 0.0248015873015873 0.026455026455026454
0 0.4759424603174603 0.207010582010582 0.023313492063492064 0.027777777777777776
0 0.7491319444444444 0.5972222222222222 0.02703373015873016 0.03373015873015873
0 0.7622767857142857 0.6236772486772487 0.021081349206349208 0.031084656084656083
0 0.7845982142857143 0.7058531746031746 0.0220734126984127 0.03406084656084656
0 0.6547619047619048 0.4794973544973545 0.01636904761904762 0.03373015873015873
0 0.5564236111111112 0.550760582010582 0.016617063492063492 0.03207671957671958
0 0.5090525793650794 0.7276785714285714 0.023561507936507936 0.03670634920634921
0 0.5321180555555556 0.6666666666666666 0.022569444444444444 0.032407407407407406
0 0.566468253968254 0.6279761904761905 0.020833333333333332 0.027116402116402115
0 0.4593253968253968 0.3116732804232804 0.013392857142857142 0.021494708994708994
1 0.5230654761904762 0.3037367724867725 0.024305555555555556 0.0333994708994709
2 0.49950396825396826 0.4451058201058201 0.01636904761904762 0.01917989417989418
2 0.5544394841269841 0.4125330687830688 0.01314484126984127 0.023478835978835978
2 0.5065724206349206 0.3707010582010582 0.015128968253968254 0.025793650793650792
2 0.541046626984127 0.3472222222222222 0.018105158730158732 0.01917989417989418
2 0.5057043650793651 0.33035714285714285 0.01488095238095238 0.017857142857142856
2 0.4775545634920635 0.2524801587301587 0.018601190476190476 0.01951058201058201
2 0.45622519841269843 0.24768518518518517 0.013640873015873016 0.01917989417989418
2 0.4182787698412698 0.2425595238095238 0.014136904761904762 0.018849206349206348
2 0.40662202380952384 0.2275132275132275 0.012152777777777778 0.017195767195767195
2 0.5002480158730159 0.20436507936507936 0.016865079365079364 0.021825396825396824
2 0.5328621031746031 0.22023809523809523 0.015128968253968254 0.021825396825396824
2 0.5298859126984127 0.16087962962962962 0.017609126984126984 0.016203703703703703
2 0.5477430555555556 0.1853505291005291 0.010168650793650794 0.015542328042328041
2 0.6018105158730159 0.27232142857142855 0.018105158730158732 0.02017195767195767
2 0.5916418650793651 0.31646825396825395 0.016121031746031748 0.018518518518518517
2 0.5462549603174603 0.3029100529100529 0.014136904761904762 0.015873015873015872
2 0.6310763888888888 0.2392526455026455 0.013640873015873016 0.015542328042328041
2 0.578125 0.25992063492063494 0.012896825396825396 0.015873015873015872
2 0.6910962301587301 0.3568121693121693 0.012152777777777778 0.0205026455026455
2 0.6901041666666666 0.2294973544973545 0.012648809523809524 0.015873015873015872
2 0.785218253968254 0.359457671957672 0.016865079365079364 0.025793650793650792
2 0.8142361111111112 0.37103174603174605 0.01488095238095238 0.021164021164021163
2 0.732390873015873 0.39169973544973546 0.011408730158730158 0.014219576719576719
2 0.7017609126984127 0.41798941798941797 0.012152777777777778 0.017195767195767195
2 0.798859126984127 0.48313492063492064 0.014384920634920634 0.01917989417989418
2 0.7833581349206349 0.5142195767195767 0.01314484126984127 0.01984126984126984
2 0.8318452380952381 0.5725859788359788 0.01240079365079365 0.01951058201058201
2 0.7780257936507936 0.5590277777777778 0.013392857142857142 0.012896825396825396
2 0.7734375 0.5479497354497355 0.013640873015873016 0.013227513227513227
2 0.7140376984126984 0.5219907407407407 0.013888888888888888 0.017526455026455025
2 0.7249503968253969 0.4895833333333333 0.013392857142857142 0.018849206349206348
2 0.7115575396825397 0.5869708994708994 0.015376984126984126 0.021825396825396824
2 0.6424851190476191 0.5152116402116402 0.011160714285714286 0.01455026455026455
2 0.6143353174603174 0.5505952380952381 0.017361111111111112 0.02447089947089947
2 0.6050347222222222 0.5042989417989417 0.015625 0.022486772486772486
2 0.621031746031746 0.48478835978835977 0.011904761904761904 0.021164021164021163
2 0.6392609126984127 0.4623015873015873 0.014136904761904762 0.018518518518518517
2 0.5999503968253969 0.4537037037037037 0.012896825396825396 0.0205026455026455
2 0.546875 0.47238756613756616 0.01636904761904762 0.020833333333333332
2 0.5233134920634921 0.5795304232804233 0.00992063492063492 0.017526455026455025
2 0.5725446428571429 0.5661375661375662 0.01066468253968254 0.022486772486772486
2 0.4957837301587302 0.624834656084656 0.014384920634920634 0.018849206349206348
2 0.48412698412698413 0.6415343915343915 0.016865079365079364 0.02447089947089947
2 0.4477926587301587 0.566468253968254 0.015128968253968254 0.01984126984126984
2 0.4696180555555556 0.7319775132275133 0.015128968253968254 0.018849206349206348
2 0.5920138888888888 0.6995701058201058 0.017361111111111112 0.02414021164021164
2 0.5339781746031746 0.701058201058201 0.015873015873015872 0.016534391534391533
2 0.6023065476190477 0.7632275132275133 0.015625 0.018518518518518517
2 0.49169146825396826 0.7638888888888888 0.011656746031746032 0.0205026455026455
2 0.5063244047619048 0.7977843915343915 0.014136904761904762 0.018849206349206348
2 0.40625 0.6570767195767195 0.01488095238095238 0.01984126984126984
2 0.3696676587301587 0.7073412698412699 0.017609126984126984 0.015873015873015872
2 0.5596478174603174 0.6555886243386243 0.016617063492063492 0.022817460317460316
2 0.38306051587301587 0.49636243386243384 0.01314484126984127 0.015873015873015872
2 0.38752480158730157 0.5218253968253969 0.014632936507936508 0.021825396825396824
2 0.33643353174603174 0.4408068783068783 0.017609126984126984 0.021825396825396824
2 0.4321676587301587 0.43039021164021163 0.01711309523809524 0.02017195767195767
2 0.20845734126984128 0.39451058201058203 0.019097222222222224 0.025793650793650792
2 0.29203869047619047 0.3559854497354497 0.017609126984126984 0.022156084656084655
2 0.2977430555555556 0.32258597883597884 0.017609126984126984 0.023478835978835978
2 0.2707093253968254 0.6671626984126984 0.01711309523809524 0.02546296296296296
2 0.28583829365079366 0.7756283068783069 0.014632936507936508 0.016865079365079364
2 0.2640128968253968 0.814484126984127 0.01314484126984127 0.017857142857142856
2 0.4806547619047619 0.8447420634920635 0.020337301587301588 0.022817460317460316
2 0.5337301587301587 0.8880621693121693 0.019345238095238096 0.020833333333333332
2 0.4418402777777778 0.7633928571428571 0.012152777777777778 0.021494708994708994
2 0.6567460317460317 0.6643518518518519 0.01488095238095238 0.023148148148148147
2 0.6961805555555556 0.685681216931217 0.016865079365079364 0.023478835978835978
2 0.6655505952380952 0.5884589947089947 0.014136904761904762 0.016865079365079364
2 0.7697172619047619 0.6754298941798942 0.014632936507936508 0.01951058201058201
2 0.7067212301587301 0.7592592592592593 0.019593253968253968 0.023809523809523808
2 0.5522073412698413 0.7116402116402116 0.01066468253968254 0.011243386243386243
2 0.5228174603174603 0.7528108465608465 0.01636904761904762 0.016865079365079364
2 0.7648809523809523 0.41335978835978837 0.01636904761904762 0.021164021164021163
2 0.642609126984127 0.43716931216931215 0.010416666666666666 0.01521164021164021
2 0.7549603174603174 0.4085648148148148 0.008432539682539682 0.017526455026455025
2 0.35714285714285715 0.3058862433862434 0.017361111111111112 0.023148148148148147
2 0.7476438492063492 0.5259589947089947 0.016121031746031748 0.022156084656084655
2 0.6790674603174603 0.8690476190476191 0.01636904761904762 0.028439153439153438
2 0.4134424603174603 0.9403108465608465 0.018353174603174604 0.02414021164021164
2 0.18340773809523808 0.6899801587301587 0.017609126984126984 0.026124338624338623