0 0.3540426587301587 0.17427248677248677 0.019593253968253968 0.03835978835978836
0 0.482390873015873 0.13293650793650794 0.022321428571428572 0.022486772486772486
0 0.5190972222222222 0.11937830687830688 0.03125 0.026455026455026454
0 0.49094742063492064 0.16468253968253968 0.014136904761904762 0.027777777777777776
0 0.4704861111111111 0.2005621693121693 0.017857142857142856 0.036044973544973546
0 0.45300099206349204 0.25793650793650796 0.0220734126984127 0.02976190476190476
0 0.4572172619047619 0.3113425925925926 0.024553571428571428 0.022817460317460316
0 0.4445684523809524 0.34375 0.02554563492063492 0.023478835978835978
0 0.48127480158730157 0.3558201058201058 0.01711309523809524 0.03042328042328042
0 0.6604662698412699 0.3169642857142857 0.019345238095238096 0.03273809523809524
0 0.8616071428571429 0.2880291005291005 0.020337301587301588 0.037698412698412696
0 0.8701636904761905 0.3950066137566138 0.014632936507936508 0.02943121693121693
0 0.8178323412698413 0.4356812169312169 0.023561507936507936 0.027447089947089946
0 0.6525297619047619 0.482473544973545 0.023313492063492064 0.02976190476190476
0 0.26537698412698413 0.6203703703703703 0.023809523809523808 0.027116402116402115
0 0.32142857142857145 0.6256613756613757 0.02132936507936508 0.02976190476190476
0 0.32527281746031744 0.6527777777777778 0.024553571428571428 0.031084656084656083
0 0.4270833333333333 0.7127976190476191 0.022817460317460316 0.028769841269841268
0 0.48735119047619047 0.6860119047619048 0.017361111111111112 0.02546296296296296
0 0.5576636904761905 0.6832010582010583 0.019097222222222224 0.0291005291005291
0 0.5286458333333334 0.7151124338624338 0.01711309523809524 0.03273809523809524
0 0.6149553571428571 0.6661706349206349 0.018105158730158732 0.028769841269841268
0 0.6077628968253969 0.5863095238095238 0.02058531746031746 0.03571428571428571
0 0.7183779761904762 0.7885251322751323 0.020089285714285716 0.020833333333333332
0 0.7208581349206349 0.8057208994708994 0.019097222222222224 0.022156084656084655
0 0.6628224206349206 0.8609457671957672 0.024553571428571428 0.023478835978835978
0 0.6494295634920635 0.890707671957672 0.028521825396825396 0.02414021164021164
0 0.5376984126984127 0.87119708994709 0.021825396825396824 0.020833333333333332
0 0.40500992063492064 0.8128306878306878 0.023313492063492064 0.01917989417989418
0 0.7163938492063492 0.42294973544973546 0.019097222222222224 0.026455026455026454
0 0.04724702380952381 0.7941468253968254 0.0220734126984127 0.03273809523809524
1 0.9010416666666666 0.4689153439153439 0.019345238095238096 0.031746031746031744
2 0.2796378968253968 0.5322420634920635 0.019097222222222224 0.022156084656084655
2 0.33804563492063494 0.48115079365079366 0.015873015873015872 0.025793650793650792
2 0.26686507936507936 0.39269179894179895 0.012896825396825396 0.02414021164021164
2 0.35949900793650796 0.8698743386243386 0.017609126984126984 0.018849206349206348
2 0.3890128968253968 0.8212632275132276 0.014136904761904762 0.01951058201058201
2 0.3890128968253968 0.7213955026455027 0.014632936507936508 0.0248015873015873
2 0.34561011904761907 0.6755952380952381 0.011160714285714286 0.015873015873015872
2 0.37028769841269843 0.7058531746031746 0.014384920634920634 0.016203703703703703
2 0.41021825396825395 0.7476851851851852 0.016865079365079364 0.0205026455026455
2 0.44915674603174605 0.746031746031746 0.014384920634920634 0.021825396825396824
2 0.46726190476190477 0.703207671957672 0.016865079365079364 0.020833333333333332
2 0.4045138888888889 0.6233465608465608 0.01636904761904762 0.018518518518518517
2 0.4286954365079365 0.5925925925925926 0.016121031746031748 0.01984126984126984
2 0.3661954365079365 0.5775462962962963 0.015128968253968254 0.014219576719576719
2 0.3742559523809524 0.5482804232804233 0.014384920634920634 0.01984126984126984
2 0.4720982142857143 0.6481481481481481 0.016121031746031748 0.023148148148148147
2 0.5313740079365079 0.6774140211640212 0.014632936507936508 0.016203703703703703
2 0.5438988095238095 0.5927579365079365 0.013888888888888888 0.01951058201058201
2 0.6272321428571429 0.6636904761904762 0.01240079365079365 0.023148148148148147
2 0.5035962301587301 0.7475198412698413 0.014136904761904762 0.020833333333333332
2 0.5159970238095238 0.7119708994708994 0.012152777777777778 0.023809523809523808
2 0.4774305555555556 0.8253968253968254 0.014384920634920634 0.023809523809523808
2 0.5034722222222222 0.8601190476190477 0.015376984126984126 0.017857142857142856
2 0.525421626984127 0.8541666666666666 0.015625 0.021164021164021163
2 0.6496775793650794 0.7992724867724867 0.014136904761904762 0.017195767195767195
2 0.7201140873015873 0.749834656084656 0.015625 0.021494708994708994
2 0.8084077380952381 0.7557870370370371 0.015128968253968254 0.0248015873015873
2 0.6927083333333334 0.7007275132275133 0.017361111111111112 0.017195767195767195
2 0.7158978174603174 0.6851851851851852 0.018601190476190476 0.025793650793650792
2 0.6827876984126984 0.6693121693121693 0.015376984126984126 0.015873015873015872
2 0.847594246031746 0.6964285714285714 0.01314484126984127 0.01917989417989418
2 0.8449900793650794 0.6412037037037037 0.017361111111111112 0.021164021164021163
2 0.904265873015873 0.6438492063492064 0.01488095238095238 0.017195767195767195
2 0.7786458333333334 0.6180555555555556 0.016617063492063492 0.021164021164021163
2 0.7643849206349206 0.566468253968254 0.017361111111111112 0.021164021164021163
2 0.8005952380952381 0.55869708994709 0.016865079365079364 0.023478835978835978
2 0.8365575396825397 0.5499338624338624 0.01488095238095238 0.01917989417989418
2 0.7797619047619048 0.5178571428571429 0.015376984126984126 0.017857142857142856
2 0.7119295634920635 0.5502645502645502 0.021081349206349208 0.021164021164021163
2 0.6676587301587301 0.5658068783068783 0.018849206349206348 0.023809523809523808
2 0.675843253968254 0.5347222222222222 0.020833333333333332 0.0205026455026455
2 0.714905753968254 0.4793320105820106 0.015128968253968254 0.02017195767195767
2 0.7467757936507936 0.4826388888888889 0.017857142857142856 0.020833333333333332
2 0.7646329365079365 0.4923941798941799 0.01488095238095238 0.015873015873015872
2 0.6293402777777778 0.45634920634920634 0.01314484126984127 0.010582010582010581
2 0.6381448412698413 0.43700396825396826 0.017361111111111112 0.018187830687830687
2 0.5688244047619048 0.45271164021164023 0.01314484126984127 0.01455026455026455
2 0.5445188492063492 0.49421296296296297 0.01314484126984127 0.021494708994708994
2 0.5086805555555556 0.44642857142857145 0.015873015873015872 0.017857142857142856
2 0.49689980158730157 0.5066137566137566 0.009176587301587302 0.016534391534391533
2 0.4541170634920635 0.47883597883597884 0.011408730158730158 0.017195767195767195
2 0.4226190476190476 0.4093915343915344 0.015376984126984126 0.017195767195767195
2 0.45101686507936506 0.37202380952380953 0.011656746031746032 0.017857142857142856
2 0.41257440476190477 0.36061507936507936 0.015128968253968254 0.016865079365079364
2 0.37896825396825395 0.34656084656084657 0.014384920634920634 0.021825396825396824
2 0.38764880952380953 0.3100198412698413 0.012896825396825396 0.016203703703703703
2 0.3939732142857143 0.2974537037037037 0.014632936507936508 0.017526455026455025
2 0.36408730158730157 0.29828042328042326 0.011408730158730158 0.022486772486772486
2 0.35193452380952384 0.2924933862433862 0.010416666666666666 0.018849206349206348
2 0.328125 0.31812169312169314 0.01636904761904762 0.021164021164021163
2 0.30753968253968256 0.31117724867724866 0.01488095238095238 0.0205026455026455
2 0.2693452380952381 0.24090608465608465 0.019345238095238096 0.022156084656084655
2 0.38665674603174605 0.21180555555555555 0.016865079365079364 0.01951058201058201
2 0.39347718253968256 0.2488425925925926 0.016617063492063492 0.020833333333333332
2 0.41108630952380953 0.16881613756613756 0.019097222222222224 0.0248015873015873
2 0.47867063492063494 0.28935185185185186 0.011904761904761904 0.015873015873015872
2 0.46999007936507936 0.2584325396825397 0.015376984126984126 0.017526455026455025
2 0.5367063492063492 0.29034391534391535 0.015376984126984126 0.021164021164021163
2 0.5282738095238095 0.31415343915343913 0.015873015873015872 0.01917989417989418
2 0.5572916666666666 0.21246693121693122 0.015873015873015872 0.018849206349206348
2 0.519593253968254 0.15459656084656084 0.01488095238095238 0.01951058201058201
2 0.5875496031746031 0.23032407407407407 0.018353174603174604 0.020833333333333332
2 0.5708085317460317 0.230489417989418 0.011160714285714286 0.017195767195767195
2 0.48325892857142855 0.19246031746031747 0.015625 0.0205026455026455
2 0.6484375 0.19444444444444445 0.011160714285714286 0.016534391534391533
2 0.6853918650793651 0.2027116402116402 0.012152777777777778 0.017195767195767195
2 0.6614583333333334 0.23528439153439154 0.011408730158730158 0.016203703703703703
2 0.6376488095238095 0.20023148148148148 0.01240079365079365 0.018849206349206348
2 0.6896081349206349 0.14947089947089948 0.014632936507936508 0.023148148148148147
2 0.7996031746031746 0.23544973544973544 0.014384920634920634 0.021164021164021163
2 0.8184523809523809 0.30158730158730157 0.013888888888888888 0.015873015873015872
2 0.7502480158730159 0.2794312169312169 0.015873015873015872 0.021825396825396824
2 0.7341269841269841 0.29927248677248675 0.013392857142857142 0.016534391534391533
2 0.7199900793650794 0.29133597883597884 0.011408730158730158 0.01521164021164021
2 0.6848958333333334 0.2630621693121693 0.01314484126984127 0.020833333333333332
2 0.6475694444444444 0.2761243386243386 0.017361111111111112 0.01917989417989418
2 0.6424851190476191 0.32919973544973546 0.009176587301587302 0.016865079365079364
2 0.6937003968253969 0.3855820105820106 0.012896825396825396 0.021164021164021163
2 0.7049851190476191 0.5287698412698413 0.01314484126984127 0.017857142857142856
2 0.7686011904761905 0.4513888888888889 0.014384920634920634 0.016534391534391533
2 0.7440476190476191 0.44758597883597884 0.01240079365079365 0.014219576719576719
2 0.794890873015873 0.48032407407407407 0.011904761904761904 0.01488095238095238
2 0.8772321428571429 0.44460978835978837 0.01488095238095238 0.022817460317460316
2 0.8654513888888888 0.37119708994708994 0.014136904761904762 0.017526455026455025
2 0.833953373015873 0.3341600529100529 0.018105158730158732 0.02017195767195767
2 0.8759920634920635 0.34226190476190477 0.014384920634920634 0.01984126984126984
2 0.7135416666666666 0.2726521164021164 0.011408730158730158 0.012896825396825396
2 0.32502480158730157 0.14500661375661375 0.019097222222222224 0.021494708994708994
2 0.2914186507936508 0.4396494708994709 0.016865079365079364 0.022156084656084655
2 0.2378472222222222 0.49702380952380953 0.014384920634920634 0.026455026455026454
2 0.4435763888888889 0.6049933862433863 0.01314484126984127 0.018849206349206348
2 0.7135416666666666 0.7622354497354498 0.015873015873015872 0.023148148148148147
2 0.6723710317460317 0.7566137566137566 0.011408730158730158 0.01521164021164021
2 0.7336309523809523 0.47585978835978837 0.014384920634920634 0.023809523809523808
2 0.46143353174603174 0.4494047619047619 0.010168650793650794 0.013227513227513227
2 0.5440228174603174 0.4107142857142857 0.011160714285714286 0.021825396825396824
2 0.6153273809523809 0.3192791005291005 0.018353174603174604 0.020833333333333332
2 0.6297123015873016 0.20072751322751323 0.008432539682539682 0.0205026455026455