0 0.38938492063492064 0.20734126984126985 0.02132936507936508 0.026455026455026454
0 0.42150297619047616 0.5611772486772487 0.019097222222222224 0.021825396825396824
0 0.4537450396825397 0.714781746031746 0.019097222222222224 0.028769841269841268
0 0.4773065476190476 0.7476851851851852 0.02058531746031746 0.02447089947089947
0 0.5689484126984127 0.6734457671957672 0.015376984126984126 0.028108465608465607
0 0.6593501984126984 0.6175595238095238 0.018105158730158732 0.028769841269841268
0 0.7678571428571429 0.6284722222222222 0.017361111111111112 0.026785714285714284
0 0.8245287698412699 0.6617063492063492 0.028521825396825396 0.031084656084656083
0 0.8317212301587301 0.515707671957672 0.023561507936507936 0.030753968253968252
0 0.7182539682539683 0.47337962962962965 0.013888888888888888 0.02546296296296296
0 0.7893105158730159 0.2974537037037037 0.017609126984126984 0.036044973544973546
0 0.6405009920634921 0.21197089947089948 0.018601190476190476 0.01917989417989418
0 0.5939980158730159 0.20205026455026456 0.02132936507936508 0.022486772486772486
0 0.5904017857142857 0.26008597883597884 0.015128968253968254 0.02414021164021164
0 0.47160218253968256 0.34656084656084657 0.02058531746031746 0.023148148148148147
0 0.5513392857142857 0.36061507936507936 0.020833333333333332 0.026785714285714284
0 0.5088045634920635 0.45072751322751325 0.019097222222222224 0.03373015873015873
0 0.21465773809523808 0.7977843915343915 0.0220734126984127 0.036044973544973546
0 0.5150049603174603 0.8285383597883598 0.026041666666666668 0.0248015873015873
0 0.6328125 0.8206018518518519 0.026041666666666668 0.022156084656084655
0 0.30580357142857145 0.642691798941799 0.018849206349206348 0.023478835978835978
2 0.15302579365079366 0.4755291005291005 0.018849206349206348 0.01917989417989418
2 0.2160218253968254 0.4599867724867725 0.013392857142857142 0.0205026455026455
2 0.2322668650793651 0.3773148148148148 0.016121031746031748 0.018518518518518517
2 0.28521825396825395 0.4632936507936508 0.01240079365079365 0.0205026455026455
2 0.34064980158730157 0.4568452380952381 0.019097222222222224 0.02017195767195767
2 0.2899305555555556 0.37003968253968256 0.011904761904761904 0.015873015873015872
2 0.34164186507936506 0.33449074074074076 0.012152777777777778 0.017526455026455025
2 0.33643353174603174 0.3126653439153439 0.014632936507936508 0.016865079365079364
2 0.3332093253968254 0.2835648148148148 0.016121031746031748 0.022156084656084655
2 0.34226190476190477 0.3627645502645503 0.01636904761904762 0.01984126984126984
2 0.4800347222222222 0.0958994708994709 0.016617063492063492 0.01984126984126984
2 0.5678323412698413 0.19659391534391535 0.01066468253968254 0.014219576719576719
2 0.5709325396825397 0.1412037037037037 0.013888888888888888 0.021164021164021163
2 0.6259920634920635 0.22337962962962962 0.01240079365079365 0.01951058201058201
2 0.6170634920634921 0.28935185185185186 0.01488095238095238 0.017195767195767195
2 0.6109871031746031 0.3039021164021164 0.014632936507936508 0.01917989417989418
2 0.6122271825396826 0.3247354497354497 0.016617063492063492 0.017857142857142856
2 0.591765873015873 0.3272156084656085 0.013392857142857142 0.016203703703703703
2 0.572296626984127 0.31382275132275134 0.012648809523809524 0.013227513227513227
2 0.5313740079365079 0.3498677248677249 0.012152777777777778 0.01917989417989418
2 0.484375 0.3331679894179894 0.008928571428571428 0.011574074074074073
2 0.4565972222222222 0.3343253968253968 0.00992063492063492 0.013888888888888888
2 0.48660714285714285 0.2759589947089947 0.013888888888888888 0.01488095238095238
2 0.47966269841269843 0.4070767195767196 0.01488095238095238 0.02447089947089947
2 0.5101686507936508 0.4080687830687831 0.010912698412698412 0.021164021164021163
2 0.5219494047619048 0.4041005291005291 0.012152777777777778 0.023148148148148147
2 0.5684523809523809 0.3878968253968254 0.013392857142857142 0.02447089947089947
2 0.5843253968253969 0.41220238095238093 0.01240079365079365 0.015542328042328041
2 0.5851934523809523 0.458994708994709 0.01314484126984127 0.01984126984126984
2 0.574280753968254 0.46147486772486773 0.014136904761904762 0.022817460317460316
2 0.5639880952380952 0.49702380952380953 0.013392857142857142 0.017857142857142856
2 0.42919146825396826 0.4755291005291005 0.017609126984126984 0.015873015873015872
2 0.42075892857142855 0.49206349206349204 0.019097222222222224 0.01521164021164021
2 0.38293650793650796 0.4877645502645503 0.012896825396825396 0.013888888888888888
2 0.3914930555555556 0.5261243386243386 0.014632936507936508 0.01521164021164021
2 0.4098462301587302 0.5271164021164021 0.014136904761904762 0.017195767195767195
2 0.4253472222222222 0.5251322751322751 0.009424603174603174 0.01521164021164021
2 0.3648313492063492 0.5720899470899471 0.01488095238095238 0.017195767195767195
2 0.33990575396825395 0.5877976190476191 0.017609126984126984 0.02017195767195767
2 0.4226190476190476 0.5772156084656085 0.013888888888888888 0.017526455026455025
2 0.4150545634920635 0.6220238095238095 0.015128968253968254 0.01984126984126984
2 0.4037698412698413 0.6466600529100529 0.012896825396825396 0.017526455026455025
2 0.3959573412698413 0.6636904761904762 0.015625 0.017857142857142856
2 0.3665674603174603 0.7000661375661376 0.014384920634920634 0.013227513227513227
2 0.3307291666666667 0.6455026455026455 0.015625 0.023148148148148147
2 0.27814980158730157 0.6048280423280423 0.016617063492063492 0.01984126984126984
2 0.4312996031746032 0.6651785714285714 0.013888888888888888 0.01951058201058201
2 0.44494047619047616 0.6909722222222222 0.010912698412698412 0.020833333333333332
2 0.46056547619047616 0.6284722222222222 0.015376984126984126 0.02414021164021164
2 0.3664434523809524 0.7197420634920635 0.01314484126984127 0.020833333333333332
2 0.453125 0.7420634920634921 0.013888888888888888 0.023148148148148147
2 0.4314236111111111 0.7281746031746031 0.011160714285714286 0.025793650793650792
2 0.4331597222222222 0.830191798941799 0.015625 0.026124338624338623
2 0.47643849206349204 0.8346560846560847 0.01488095238095238 0.022486772486772486
2 0.3169642857142857 0.9555224867724867 0.022817460317460316 0.022156084656084655
2 0.5848214285714286 0.8921957671957672 0.016865079365079364 0.026455026455026454
2 0.5372023809523809 0.8845899470899471 0.015873015873015872 0.023809523809523808
2 0.5525793650793651 0.812334656084656 0.012896825396825396 0.022156084656084655
2 0.5962301587301587 0.8353174603174603 0.016865079365079364 0.023809523809523808
2 0.6266121031746031 0.8402777777777778 0.01711309523809524 0.01917989417989418
2 0.6354166666666666 0.8037367724867724 0.018353174603174604 0.02414021164021164
2 0.5240575396825397 0.8736772486772487 0.011408730158730158 0.017195767195767195
2 0.623015873015873 0.9103835978835979 0.010912698412698412 0.016534391534391533
2 0.7481398809523809 0.7711640211640212 0.013640873015873016 0.01917989417989418
2 0.7473958333333334 0.7146164021164021 0.02058531746031746 0.01984126984126984
2 0.7218501984126984 0.7061838624338624 0.020089285714285716 0.018187830687830687
2 0.6866319444444444 0.7268518518518519 0.014136904761904762 0.022486772486772486
2 0.7197420634920635 0.6688161375661376 0.016865079365079364 0.023478835978835978
2 0.7388392857142857 0.6774140211640212 0.011408730158730158 0.017526455026455025
2 0.7378472222222222 0.6570767195767195 0.015873015873015872 0.017857142857142856
2 0.6356646825396826 0.705191798941799 0.022817460317460316 0.018849206349206348
2 0.6075148809523809 0.7457010582010583 0.015625 0.013888888888888888
2 0.5956101190476191 0.7278439153439153 0.013640873015873016 0.01455026455026455
2 0.5902777777777778 0.6808862433862434 0.01636904761904762 0.022486772486772486
2 0.6080109126984127 0.6683201058201058 0.014632936507936508 0.022486772486772486
2 0.6485615079365079 0.6731150793650794 0.011408730158730158 0.016203703703703703
2 0.5070684523809523 0.6534391534391535 0.014632936507936508 0.015873015873015872
2 0.48549107142857145 0.6122685185185185 0.013640873015873016 0.01951058201058201
2 0.5489831349206349 0.5393518518518519 0.015625 0.021164021164021163
2 0.6221478174603174 0.5256283068783069 0.018105158730158732 0.020833333333333332
2 0.6675347222222222 0.5405092592592593 0.013640873015873016 0.023478835978835978
2 0.7059771825396826 0.5603505291005291 0.018601190476190476 0.02017195767195767
2 0.6633184523809523 0.46378968253968256 0.015625 0.016203703703703703
2 0.7106894841269841 0.45949074074074076 0.013640873015873016 0.015542328042328041
2 0.7414434523809523 0.4580026455026455 0.015625 0.01984126984126984
2 0.7661210317460317 0.4664351851851852 0.016865079365079364 0.02546296296296296
2 0.7748015873015873 0.43171296296296297 0.015873015873015872 0.016203703703703703
2 0.7757936507936508 0.39897486772486773 0.012896825396825396 0.026124338624338623
2 0.7471478174603174 0.36689814814814814 0.012648809523809524 0.017526455026455025
2 0.7087053571428571 0.38921957671957674 0.019097222222222224 0.021164021164021163
2 0.7292906746031746 0.33052248677248675 0.015625 0.021494708994708994
2 0.7132936507936508 0.30522486772486773 0.011408730158730158 0.01521164021164021
2 0.7020089285714286 0.29298941798941797 0.017609126984126984 0.018518518518518517
2 0.7154017857142857 0.2794312169312169 0.01711309523809524 0.021825396825396824
2 0.6729910714285714 0.2996031746031746 0.018601190476190476 0.023809523809523808
2 0.6501736111111112 0.21908068783068782 0.011656746031746032 0.018187830687830687
2 0.6532738095238095 0.19775132275132276 0.01240079365079365 0.016534391534391533
2 0.703125 0.23941798941798942 0.01488095238095238 0.021825396825396824
2 0.7255704365079365 0.22073412698412698 0.01314484126984127 0.018849206349206348
2 0.7302827380952381 0.24388227513227514 0.018601190476190476 0.022817460317460316
2 0.7989831349206349 0.578207671957672 0.01314484126984127 0.02017195767195767
2 0.8162202380952381 0.6202050264550265 0.015873015873015872 0.0248015873015873
2 0.7734375 0.5874669312169312 0.012152777777777778 0.02017195767195767
2 0.5699404761904762 0.5386904761904762 0.01240079365079365 0.015873015873015872